31 0
33 18
35 22
37 17
41 26
43 36
44 68
45 110
57 86
69 95
105 62
107 170
108 65
111 67
113 69
114 71
115 66
116 74
118 78
120 76
123 73
129 77
136 193
137 83
138 93
139 92
141 91
143 80
145 94
147 87
148 106
152 105
155 97
165 211
176 101
180 102
181 34
182 103
184 96
185 109
189 107
190 125
191 116
193 114
196 236
197 115
200 239
210 246
211 119
212 122
214 117
217 250
219 113
224 121
225 123
229 126
235 129
236 124
245 51
253 158
255 53
256 163
257 166
261 165
266 54
267 63
268 171
269 174
270 181
271 172
272 176
275 183
276 79
277 182
279 186
280 175
281 185
283 187
284 189
287 188
290 184
291 195
294 202
295 200
300 204
302 205
303 206
307 209
308 98
310 210
311 99
312 213
317 217
321 219
322 220
323 223
324 224
325 222
326 430
328 231
330 225
332 238
333 233
335 242
336 228
340 230
344 249
346 248
348 199
352 120
356 251
368 334
369 349
370 350
375 354
376 353
378 358
380 360
382 366
384 368
385 371
386 373
387 377
390 178
391 382
393 173
395 381
397 376
398 383
399 389
404 386
406 191
410 391
419 398
424 404
425 403
426 405
427 406
428 407
429 408
436 409
440 412
441 411
442 413
444 414
445 212
447 419
448 420
450 425
451 415
452 421
453 417
458 423
459 424
460 434
461 446
462 453
465 433
466 439
471 457
473 438
476 441
477 437
478 442
479 401
481 395
483 196
485 447
513 343
528 547
535 370
537 576
538 577
542 372
545 374
548 585
549 584
551 375
552 591
553 589
554 380
555 378
558 590
566 393
567 596
571 600
572 388
575 396
577 605
584 610
585 612
586 614
608 108
618 632
620 431
624 445
627 626
631 462
632 627
639 634
646 640
