53.7418 71.2455 92.6842 84.4274
55.1467 77.1941 4.5954 199.4661
86.833 78.3506 319.6453 121.6726
3.801 149.4841 5.6798 159.3646
19.3543 154.3665 27.0467 135.6958
27.3215 135.3025 52.9116 71.5427
62.0311 120.7043 63.0228 103.1192
66.1929 85.3391 17.2072 202.2164
66.8279 99.3716 65.3725 119.4473
84.5167 158.5149 98.0599 147.0211
90.0553 159.3363 88.1771 186.9635
93.2368 84.0059 106.0733 87.8956
97.6545 151.8634 96.7926 186.873
98.3544 97.3739 72.6935 89.5381
99.3751 83.1249 98.1249 81.8751
103.1937 90.3996 55.5482 75.8768
103.2449 84.1143 100.7069 82.947
105.6929 84.2273 103.1547 83.0604
106.6814 97.3833 113.1437 95.6967
106.7387 104.2383 112.9978 97.9975
107.1205 101.488 99.511 96.6607
108.7023 96.4744 104.5561 90.4994
111.9087 149.3767 114.4374 98.0665
119.3581 86.9454 113.1639 85.4626
125.6316 98.083 114.2692 96.2989
146.5586 96.1309 257.2446 116.0739
151.8688 120.6646 136.846 118.3097
162.9966 105.0926 125.7925 98.4386
176.8777 106.8588 164.3144 104.7333
200.4772 116.2218 209.0134 118.3354
205.6904 130.7267 209.4803 128.2887
220.7616 114.8056 176.9781 107.5062
223.2093 133.7044 216.9108 134.621
224.375 133.125 224.375 134.375
231.8376 108.3257 119.5135 87.3824
234.4835 134.8629 225.5585 133.5921
235.2134 134.8771 239.2948 138.2228
249.375 134.375 246.875 134.375
253.3974 139.8844 259.2969 136.729
254.3487 136.6872 248.0472 137.5697
261.875 138.125 260.625 138.125
261.875 139.375 261.875 140.625
270.6028 141.9131 267.2598 139.9648
273.331 142.2645 278.2715 139.652
279.2345 158.9982 319.2056 165.4282
280.57 125.926 221.7298 115.1692
295.9694 129.5812 284.3361 125.7429
301.7572 129.8751 294.0936 128.0694
303.2664 144.2158 290.5862 144.9817
309.3645 146.7589 303.0532 147.3276
311.1613 145.4597 312.4339 149.588
314.375 145.625 314.375 149.375
320.4263 121.9161 339.4942 124.8502
320.5204 124.9306 233.0599 108.4711
321.875 145.625 320.625 145.625
323.027 147.801 327.608 146.4155
323.125 145.625 323.125 146.875
325.2222 152.7247 315.6056 148.1659
327.0032 125.9028 324.3839 125.5574
333.3887 135.4501 303.0401 129.8338
334.0935 152.6015 340.5062 149.154
334.4102 151.7156 326.9955 150.0789
340.198 125.4008 638.2283 181.3242
341.8271 140.8345 350.4138 142.7984
341.8423 128.3404 328.0311 126.2434
343.3065 156.0397 351.5682 152.424
344.6527 150.8666 341.1801 154.8579
351.0374 139.114 338.134 135.5921
358.1482 144.2611 368.2384 146.3186
358.9108 157.1188 352.0713 154.9933
360.8507 157.1886 365.3301 153.9652
364.3022 157.913 370.6612 155.7304
374.2872 134.8506 356.9175 131.6446
374.4111 146.7021 384.4937 148.8059
376.029 158.2193 381.7613 156.4965
376.0731 156.9712 371.9709 155.3782
409.4362 149.0326 351.7661 138.7347
423.2191 155.2244 433.2527 157.5816
471.9987 152.43 445.6918 147.7493
479.154 157.1778 486.8539 158.2736
2.0886 196.9506 5.3978 187.6021
2.4849 222.3195 9.0566 227.2955
5.1709 184.9042 9.9684 177.6885
6.7357 208.2267 9.9852 212.6797
8.1555 201.03 1.7536 201.5118
8.2737 224.3969 9.9466 213.0252
10.0458 177.1502 14.4583 166.3963
11.4066 204.1309 9.0691 208.6169
14.5088 165.6735 18.5505 154.5293
15.9109 219.3674 16.5071 241.8847
44.9516 225.6639 47.5665 186.9217
47.3037 223.8553 61.7336 215.3841
48.0472 187.0378 69.2324 169.4597
50.2262 215.6015 51.9223 186.8778
53.3917 211.2312 52.1059 215.6916
54.6331 185.632 53.9522 210.6815
60.6791 214.4235 61.7489 185.6668
66.978 208.1298 68.5967 173.0891
69.1874 211.6608 52.5566 226.226
71.5889 170.5329 69.1814 210.6883
77.1528 199.4799 79.0494 171.8526
78.3494 167.1819 79.7 160.6926
79.2151 202.905 94.9755 191.4513
84.375 181.875 84.375 163.125
91.1309 186.9019 92.5975 159.3469
95.8381 194.6733 77.1578 208.0214
99.0572 188.7779 96.0875 196.5751
102.0885 239.3296 99.9511 288.0955
274.705 239.4354 275.5198 218.121
275.1516 202.4858 279.4921 196.9671
275.4746 216.9081 275.9272 201.8841
277.957 229.8009 295.7372 226.1755
278.0549 203.0609 298.2061 204.252
278.6951 196.8401 278.0012 160.6034
278.8498 210.6123 278.4265 228.1323
283.2298 238.3313 323.0792 242.331
290.6729 165.6246 290.9492 195.622
291.8733 195.7997 305.6252 195.7778
293.0913 207.5081 279.3138 206.7749
293.5831 165.0671 280.6467 161.7894
294.375 168.125 294.375 193.125
295.2201 224.3759 295.1792 206.876
297.9499 208.1209 297.626 221.8927
298.6715 193.1445 298.4089 166.8597
300.3176 226.3177 329.33 230.9092
300.8086 205.6274 300.5804 223.1244
305.5387 233.3752 289.3018 234.7764
310.6791 175.2525 301.7542 173.9568
311.7303 195.6207 312.2191 179.3478
314.5117 169.3745 314.6161 196.8741
317.0405 168.4864 296.8109 164.7189
317.5287 196.8796 317.3463 173.1214
319.3587 198.2423 334.2459 200.306
319.6794 166.8301 320.548 196.8772
320.7116 208.8049 301.8278 205.9356
331.3466 228.1273 331.2719 210.6276
333.3968 235.83 317.8333 250.3988
334.5559 208.1278 334.1244 235.6211
360.5305 208.8923 379.3036 211.2047
360.7103 205.6238 360.2743 174.3625
361.7862 172.4066 375.5692 174.7092
369.5528 205.62 368.8515 180.6046
370.6859 176.486 361.7631 175.0901
370.6942 207.7483 362.0079 206.1517
371.2534 179.3661 371.6437 206.896
374.9049 208.1415 374.2457 179.378
377.0937 176.8508 377.6093 208.1335
378.2626 214.5303 359.3403 212.1512
379.4171 161.6579 366.9031 159.2303
379.7963 161.5774 387.4563 158.189
386.6364 162.3865 394.1589 159.9562
394.2112 162.6257 399.4659 160.902
404.185 219.5678 433.0923 223.3738
404.3061 164.2882 408.5903 160.8867
404.3588 162.9509 398.0471 163.5388
412.8612 225.631 413.6064 258.1426
415.5208 223.9011 404.3052 222.3949
415.661 224.4646 417.1697 223.8581
419.375 166.875 419.375 168.125
419.4149 164.7596 409.3211 164.2947
420.4299 163.2286 421.7401 165.6966
421.875 224.375 419.375 224.375
423.0564 166.7785 427.5579 163.5775
423.0648 167.8278 418.2616 168.7999
427.8047 166.7062 431.9099 165.7795
427.8512 228.1329 428.7534 259.3929
430.5183 168.8365 436.7705 167.5976
433.8032 224.3923 434.896 260.6093
436.4782 172.8794 424.3843 168.1015
438.2132 166.7748 440.8615 169.1064
445.6299 172.6701 436.8809 172.5757
446.096 172.8893 454.2489 169.1034
448.189 168.8982 441.776 169.4292
452.3436 175.1152 456.1505 172.7049
454.3665 160.656 464.6223 163.4753
455.5366 187.3989 468.1007 189.5191
455.8554 219.3686 455.0215 189.357
456.8294 222.368 471.8169 223.7535
457.8961 173.3382 464.3818 171.906
461.8145 218.1507 461.3471 194.3608
463.9213 193.144 465.0699 220.6482
468.0621 163.3927 479.5588 166.092
468.0941 220.6264 466.875 194.375
469.6187 190.6161 470.7204 220.6215
472.0045 227.1404 453.0885 224.6528
478.376 182.1353 492.3699 168.6382
481.7304 175.4393 465.4414 173.2262
482.5331 181.8497 493.3719 464.3176
490.4535 164.0596 409.631 149.2297
494.1595 172.8529 483.5952 181.2188
501.8321 169.6021 513.1505 171.74
505.4428 195.4535 534.2166 200.313
505.7544 229.4329 504.1346 198.0728
514.5406 201.869 515.4982 228.1296
517.1473 200.6883 505.6427 198.0479
521.0818 182.7258 490.6555 177.9313
521.8513 237.9162 508.1358 239.4704
522.0638 226.9252 520.8774 201.8631
523.2855 162.2862 488.1374 155.5603
528.0718 226.8773 527.1552 205.5592
529.7604 204.3527 531.5738 235.6425
529.8724 236.8815 529.6425 254.3949
531.7562 174.8578 542.0553 177.3922
533.3423 203.4058 519.1832 200.2302
533.6633 226.9112 532.5778 205.5892
535.1832 201.7458 536.7607 226.8822
539.1447 168.0887 573.3242 174.5754
541.3712 239.431 548.1023 235.5852
546.7136 177.5585 557.0242 179.9929
550.4882 202.6505 599.2637 211.256
550.6009 230.727 548.4887 204.3459
554.6165 223.1123 553.7627 206.8415
558.0687 189.7117 521.1812 183.547
558.125 185.625 558.125 186.875
562.1424 206.8522 564.9254 239.4348
563.1594 180.4817 572.0009 182.5997
564.1994 187.4355 568.02 186.4625
568.4058 238.1802 566.7653 209.3813
569.3729 209.3751 571.4497 240.5701
574.4662 182.6913 584.5461 184.8111
575.228 174.7201 582.2853 176.4768
575.6457 209.3739 577.4459 241.9126
576.8809 191.6893 556.94 191.0611
587.2719 218.1065 588.2054 238.1212
592.3605 239.4281 590.7059 215.6194
593.8809 195.1685 600.6493 193.2088
594.4356 194.7883 576.8468 193.5146
599.1881 179.2007 638.0674 185.9564
599.199 211.5717 602.2678 216.1941
600.1337 219.3116 602.036 242.0705
600.4778 197.0911 605.7274 196.344
608.3568 202.3895 617.0347 198.4794
609.3381 178.3243 528.0995 163.2628
610.5756 198.2791 606.0419 196.8252
622.8425 205.6657 624.1025 214.4142
623.306 204.3807 617.2144 199.1947
633.3663 189.2646 495.5459 164.8209
633.8146 195.2692 632.0195 204.4034
0.57282 294.3687 10.6076 294.7897
6.5384 288.657 12.6958 292.5533
8.091 260.6017 4.5625 265.7534
12.7595 291.7847 7.0221 394.4531
13.4533 275.5758 13.1121 290.653
14.2756 241.8412 14.6462 268.1388
40.3378 309.4228 42.3229 269.3972
42.8149 270.0796 89.9873 243.2535
45.3405 306.8676 45.7594 290.6285
48.1345 308.144 55.6437 304.4127
49.2851 270.6206 47.5088 306.906
53.4781 273.1455 51.8095 301.8712
55.3022 303.1522 56.2196 271.8925
61.2573 298.163 62.5392 276.8398
62.3676 275.7 62.9626 261.868
65.0853 301.7888 48.243 312.0683
65.5712 261.8722 63.5486 300.6471
69.5608 264.3823 68.9204 280.6563
70.1384 294.4127 72.0519 255.6337
70.6218 298.1175 89.2211 290.2607
71.8565 300.5152 65.3694 301.6082
74.1603 255.6162 72.517 295.6514
78.4552 263.1423 77.0118 290.6322
80.1131 291.9063 81.6519 255.6155
85.2221 251.9158 83.4179 289.3891
86.1632 288.1615 86.5966 281.7713
87.1848 250.1117 79.4719 253.3555
88.0228 280.6353 87.8049 251.868
91.59 241.3908 100.8203 235.9568
96.3626 283.2391 98.8103 240.5926
99.4748 288.3291 72.8668 301.3472
277.5276 291.8763 277.613 250.6265
278 296.1712 298.1633 297.5743
278.2502 305.5983 277.8629 321.8985
280.5959 250.8913 318.193 255.0035
284.397 253.7569 280.6073 253.6222
286.2236 291.8539 286.9113 270.6262
287.5081 247.0668 274.8174 239.4749
290.5115 242.5103 288.9578 248.3467
290.6551 256.8752 290.4925 291.8802
294.375 259.375 294.375 288.125
295.5523 301.5604 276.8183 300.1037
295.6555 293.5508 281.8865 294.5359
298.8621 290.6328 298.3455 256.8525
300.9457 298.1256 300.9048 320.6255
311.8914 289.3752 312.2787 260.6304
314.5821 260.6245 314.6644 291.8742
315.633 302.2619 306.8722 302.1812
317.5557 290.6309 317.2318 259.3713
318.3198 257.9689 295.5638 254.817
319.3151 292.6043 334.3165 293.837
320.4132 255.6236 320.3804 290.6248
320.6377 245.8116 303.128 245.9659
329.3819 304.2864 316.8609 303.3054
335.4835 295.6188 335.3279 330.6181
361.8065 297.681 381.7686 299.3771
362.1656 293.1226 361.9038 261.8643
364.2503 259.657 378.0108 260.7773
370.0118 288.1277 370.1023 266.8728
371.9212 295.1747 363.1353 294.2741
372.8036 264.3835 373.6016 294.3956
376.4023 295.6336 375.8576 265.6208
378.455 261.8655 379.4652 296.8724
379.4105 302.7408 360.5901 301.0032
402.4421 256.8681 402.0148 221.858
403.0914 260.9546 436.7465 264.3854
404.2813 305.7234 435.5539 307.8978
411.9399 258.7833 403.1585 257.8196
415.2812 310.6322 415.9859 344.3936
416.9731 258.1514 416.2268 225.6399
425.7784 258.1219 425.1933 229.3584
426.9023 260.2784 418.1084 259.5856
430.6644 311.8741 431.4752 345.6346
431.7988 260.627 431.0243 231.8642
435.6768 267.6636 403.0272 263.9954
436.2264 309.3446 437.8077 340.641
459.001 269.8184 466.9419 271.5722
459.2913 305.5935 475.5504 306.7109
460.8505 301.5927 457.6221 270.4182
466.8276 273.1401 467.1615 301.8862
470.625 303.125 470.625 283.125
472.3833 271.8496 474.0114 304.3932
474.4331 309.7636 456.9285 308.5825
503.9993 263.1655 503.2502 233.0907
506.7337 258.1964 526.7459 255.7977
507.4426 243.1218 507.513 255.6214
507.9502 263.5812 539.2557 266.7893
508.0932 274.6694 536.9122 277.7801
509.5076 311.8683 507.7483 276.8311
512.7168 306.4897 517.7708 308.8754
513.5048 272.6574 503.1969 264.2865
516.875 278.125 510.625 278.125
518.4094 280.617 519.5036 319.4066
526.0504 310.6658 524.5619 280.6158
528.1277 319.4819 511.8703 319.5143
531.8245 308.1892 530.5849 283.0653
531.8482 272.0345 508.9444 268.1911
533.0683 254.7678 549.517 257.141
533.5424 281.9233 535.2823 311.8949
537.0434 280.9108 523.2767 278.5062
537.4285 268.7201 532.0001 274.4926
538.0447 308.1303 536.3729 283.0751
539.2841 276.8795 540.9012 309.4234
541.2708 267.2061 537.445 274.6673
543.126 310.6156 556.851 312.0978
548.0878 318.4609 557.0052 319.4471
552.7083 253.1635 551.0833 235.5826
554.6837 243.1131 555.3601 260.6833
555.2271 262.1709 541.738 267.7964
556.7878 314.0738 548.0464 316.6034
558.4225 314.3596 559.916 343.1618
566.8719 286.9146 567.0317 281.88
569.2947 281.4179 604.1901 284.9512
569.3726 316.9529 567.5732 288.0039
574.5124 241.9452 572.3757 208.0934
589.402 316.8047 585.7155 315.3894
589.411 241.6812 580.504 240.0267
591.8297 291.8768 592.6906 313.1426
603.3134 249.4609 554.2305 241.5179
603.9514 284.5527 606.2959 290.1422
604.3912 318.9681 590.5637 318.419
605.4865 290.5922 606.1883 314.3584
629.5244 281.8631 624.2412 215.6357
630.4166 313.3335 631.6668 314.5833
631.875 316.875 631.875 315.625
0.012892 374.791 5.6321 376.8556
4.7765 361.893 5.2251 351.9132
7.1302 395.4691 23.0816 398.3642
25.7864 396.7032 29.5699 427.7971
35.5364 398.1651 37.0047 355.6295
37.2943 355.8616 59.7692 349.5227
40.8209 380.6359 42.1362 356.8895
43.0667 397.8925 50.7128 395.9751
44.4497 356.8781 42.8163 396.9134
48.4513 366.8902 47.2254 393.1414
50.7008 391.9067 51.4785 359.3655
53.4613 354.0622 55.2625 363.1965
57.5226 391.9002 59.0796 351.8635
58.5154 396.8624 43.0801 401.7328
62.3027 350.5811 59.9581 394.4729
67.364 391.9059 69.7334 354.3976
69.059 353.3203 70.4157 346.8312
69.8581 347.4015 88.5831 342.3097
70.6525 394.5567 85.6867 392.2833
86.9781 395.1349 67.9008 397.7223
89.6158 349.2778 87.9419 388.1709
89.8814 340.6632 90.269 348.2075
170.9382 390.6366 169.8708 419.3934
209.1638 396.836 183.054 392.2821
273.8914 335.6507 275.152 298.0672
274.3602 391.8692 295.6517 392.1218
275.7384 386.8769 275.7928 346.8769
276.8532 325.4538 294.3878 323.2258
278.1141 345.8477 318.1403 347.8133
279.3456 399.7025 293.1215 399.2641
279.3649 332.0199 324.3212 335.1477
283.1594 384.8635 278.1132 384.6357
284.2306 342.0514 274.5674 334.14
285.625 348.125 281.875 348.125
286.9041 388.9748 276.8663 388.2444
288.5865 349.3752 288.5699 389.3747
292.2416 339.1358 282.8311 336.8189
294.3761 326.8911 278.1185 328.0322
294.6766 350.1023 286.7675 348.7567
295.2076 321.8754 295.1908 303.1254
296.8751 396.8305 275.6251 396.8003
297.217 389.3814 296.9417 350.6157
299.3477 351.2007 311.8788 351.7952
300.676 323.5973 328.1398 325.3997
303.1109 329.6415 329.3535 331.0302
309.3663 340.6538 303.2917 338.8221
310.625 388.125 310.625 369.375
313.5153 353.125 313.5162 390.625
316.5153 389.3768 316.3366 353.1215
319.8864 346.8753 319.9064 389.3753
321.8697 391.4857 333.1347 391.3314
323.6503 338.4579 313.1476 341.943
329.3634 328.2884 300.5808 326.2477
332.3622 323.132 332.1906 304.3835
333.3127 330.3047 335.719 331.7147
334.1652 331.4655 324.2148 336.5623
334.2738 393.1234 334.3203 425.6233
363.119 389.8058 383.115 390.0861
363.3698 352.3185 374.5425 351.3893
363.7653 384.3663 363.3067 350.6056
373.1507 385.8311 363.1568 385.5848
374.0487 354.3805 374.5514 384.393
377.9525 385.6285 377.3745 356.865
380.2206 351.8508 381.2235 386.8578
381.8883 393.7821 361.8703 393.3332
392.1448 380.8965 420.5044 378.1358
395.9221 392.9988 391.7495 383.1783
402.0247 392.1819 395.0801 383.7914
403.7951 389.7928 408.9198 386.2217
404.2854 348.5296 439.3856 350.4297
405.092 343.1779 404.0139 306.8486
409.3697 389.8379 438.1159 390.168
413.2416 399.3732 414.0161 449.3806
415.6898 345.409 405.6541 344.9656
419.4393 376.0966 456.8871 374.6973
419.5726 344.371 418.8959 310.6346
420.5232 398.1272 421.6415 450.6566
428.1175 387.1996 410.6269 386.7948
428.2814 336.8855 428.0657 314.3756
428.8053 396.8724 428.7191 415.6277
430.656 346.2305 420.6191 345.7476
433.4447 391.9034 434.205 416.8421
434.6198 346.868 433.6906 314.3588
438.1594 353.6502 404.3077 352.0419
439.6258 390.6742 440.7956 414.4282
450.3564 384.5425 448.9053 393.0448
456.6708 376.0237 468.6884 382.0045
459.4848 382.8525 450.5665 383.8544
460.5833 391.2182 476.9283 392.3661
461.4485 375.5967 460.761 355.5774
462.1735 356.2325 474.5546 354.2427
468.3576 377.5646 462.1409 374.9844
469.4433 358.1742 470.2246 376.9437
470.7484 388.3369 461.9738 387.2938
473.9557 389.3905 473.0765 365.6268
475.6038 355.6259 477.1064 389.4203
476.9054 395.1271 461.8665 394.8654
507.1927 346.9331 508.4921 311.8886
510.6379 338.4871 531.8834 338.7968
510.7051 346.287 553.1829 344.5082
511.638 324.3627 510.9872 336.8938
513.0992 356.2536 540.6554 357.3839
513.3859 395.6816 511.1593 356.7729
517.9955 354.5628 507.4482 347.2933
519.375 358.125 516.875 358.125
521.3258 360.65 523.2621 403.1187
521.3538 357.3407 526.5303 362.1507
525.3773 352.63 514.1097 348.9336
525.6268 396.2651 556.8765 396.1772
529.058 334.3875 528.5157 320.6096
530.4001 394.3075 528.1758 360.5393
533.7437 320.5955 534.4011 334.3737
534.308 338.7616 546.7957 337.3981
536.8383 361.9491 538.6361 393.1675
536.9274 393.7867 530.6161 393.2251
541.7429 393.1323 540.1577 364.4008
542.1594 350.1867 530.5788 354.2432
543.2907 356.8687 544.6693 393.1613
545.3785 347.2992 542.0508 355.1709
553.1949 321.0591 535.6098 319.5524
556.1815 336.8778 556.2448 324.3718
559.1139 344.5423 546.7312 347.5287
559.3099 358.4149 624.3522 361.1647
559.5267 396.937 557.4706 360.5208
570.9581 363.1111 572.1623 391.863
573.3898 375.6589 574.2169 369.1948
575.6089 397.5615 610.6483 398.3795
578.7794 361.9095 580.5949 393.1993
581.8823 320.4358 609.3419 321.4885
584.3663 393.1256 582.3141 361.8462
590.0972 365.0102 595.5124 369.5105
603.125 390.625 603.125 369.375
604.5671 363.1138 606.3156 393.1576
605.6433 394.7943 585.6255 394.3526
608.2021 324.5893 569.2955 321.6929
610.6241 320.6216 613.2703 319.9353
612.4148 399.4245 610.1443 366.8214
613.6993 364.3543 614.6441 390.6153
625.2896 361.8951 627.4594 398.1648
631.875 321.875 631.875 318.125
634.1029 353.1487 631.4872 323.1588
634.375 358.125 634.375 354.375
634.4352 364.3794 634.7065 360.6491
635.8245 380.6163 635.1691 365.5904
8.5462 433.1548 8.3232 445.6508
11.156 445.6305 11.0792 435.6215
17.0218 446.5148 14.1994 455.1596
18.0551 454.2339 34.3895 453.4126
28.1408 476.6582 16.8597 475.8343
29.2359 461.6335 31.0184 469.8329
29.4107 428.5687 44.4141 427.3614
34.4344 475.9169 25.5437 477.7254
34.9362 451.8236 36.3341 433.0847
35.6288 432.0666 6.8757 432.1424
41.8719 461.8748 42.8 443.1089
43.6703 402.1664 38.2811 399.1006
48.179 444.1599 45.4039 475.7155
48.2188 476.3556 56.4865 457.9505
49.1801 469.3922 49.4868 450.6268
49.373 428.0746 90.6564 426.3995
55.8253 475.7624 68.1508 477.9817
56.6325 457.3227 60.7037 448.1599
62.5534 452.8903 53.0257 476.0974
64.7645 473.1977 66.0962 443.1459
66.7981 443.7039 85.5675 444.493
70.2429 454.3691 69.9348 474.3643
70.754 449.3906 70.2883 453.2356
73.0618 473.6373 81.9844 474.7377
73.113 468.1246 73.7999 448.1482
77.7217 448.1 76.4033 469.3457
79.7809 469.3849 80.2665 449.3663
85.9101 445.5131 84.3923 475.5627
99.371 425.6096 273.1273 426.1703
153.4886 476.8919 154.0144 465.6082
153.9922 464.3943 154.4095 445.6258
155.6334 444.2606 220.6391 443.7778
170.5942 421.6639 209.2517 416.0289
191.8688 411.8272 205.71 410.0296
192.0582 475.8688 196.2559 472.7147
208.076 419.0224 174.4535 423.6902
209.1512 474.2484 212.4353 468.4419
209.403 463.4976 200.6125 463.649
209.8464 414.3815 210.0872 396.8676
214.0524 461.6302 209.8177 467.211
216.0162 472.7398 201.2171 479.434
217.1474 445.6211 217.0162 478.1256
219.5813 478.1292 219.4668 449.3746
222.3165 444.3493 221.7999 460.6226
273.3566 424.3707 272.8029 394.3579
275.4521 438.2269 270.8809 430.4741
275.6152 431.1338 328.1391 430.4406
275.6305 423.925 294.3777 424.1522
276.7058 401.8731 276.4698 423.1344
280.0398 477.7391 286.5635 472.7201
280.669 438.0583 274.5913 434.0472
281.6075 465.6351 281.8388 443.1246
291.8811 402.2229 278.1134 402.4647
292.9555 445.626 293.1373 476.8749
293.5414 421.8768 293.6263 401.8718
295.625 401.875 295.625 403.125
296.9519 404.3675 297.0153 415.6172
297.2238 415.4803 299.8038 421.697
297.3612 475.6288 297.2127 445.6233
299.375 424.3083 330.625 424.326
306.3957 466.8771 306.3134 448.1275
308.927 445.6367 309.7143 475.6161
310.5206 476.9782 385.5812 470.1441
312.5535 475.6324 312.1481 444.3715
314.998 444.3679 315.326 473.1284
315.6277 401.7612 300.5777 401.4117
317.7081 436.3498 324.5227 433.475
321.8926 427.4209 310.6184 427.1395
328.1475 402.793 316.8647 402.0275
331.8999 424.3733 330.3463 401.8081
334.3722 426.4288 396.8853 426.0417
367.611 464.3794 367.4166 441.8703
369.38 441.9913 380.663 441.5031
372.8894 464.2255 370.1315 445.5135
374.1214 445.6579 376.7147 465.6458
379.7448 464.3863 380.166 450.611
382.4868 441.8892 383.013 465.6275
385.5302 467.9393 415.6465 465.951
398.6158 426.891 399.3775 463.1249
409.6061 464.3704 408.1089 389.3753
411.8254 462.5994 423.2099 461.5248
416.9861 449.372 415.6516 399.3743
420.6583 452.125 411.8348 451.8314
421.8901 458.5606 411.8588 458.9084
423.6647 415.6147 423.3555 399.3706
424.3175 472.3029 435.6979 473.8327
429.4013 464.7977 454.4157 465.5923
434.349 417.7411 459.4033 416.0425
434.6477 454.3531 435.3556 463.1467
436.8135 420.9341 423.1088 418.2066
441.8121 473.463 449.5108 474.895
448.1195 454.6261 435.5983 454.3539
448.138 477.4538 419.3746 476.8969
450.4814 473.6322 456.9228 475.4564
452.2154 453.1542 451.1319 419.3587
453.1357 469.5061 444.2411 470.2303
453.9015 419.3542 454.842 454.396
459.3621 426.0294 484.3753 425.6478
459.8344 417.8945 459.0901 424.484
466.8543 466.4037 486.8707 465.5264
480.6749 471.5758 468.1077 469.4787
487.6222 424.4434 478.1939 182.9271
487.6248 464.4137 486.8204 428.0709
493.1253 425.5689 511.8748 425.6642
495.5156 464.4693 511.7385 462.9331
508.1801 461.873 507.4389 441.808
509.3701 440.2705 544.3807 439.7858
510.4364 407.1584 512.95 397.7445
510.7404 424.3769 511.0129 408.1106
514.1697 438.2349 508.896 428.3814
514.3347 424.2605 533.1053 423.7067
514.3417 463.6326 545.6409 462.229
514.3665 430.1499 553.1264 429.4516
514.5687 406.8676 515.0978 420.6452
514.8284 445.6134 515.1497 458.1372
515.6312 474.3827 480.6259 474.5542
518.7995 458.1418 518.3967 444.3671
525.6343 405.5372 514.3781 404.3459
533.884 421.9189 532.4339 405.6867
538.1895 423.5799 559.4012 425.3013
538.2649 405.6269 538.0461 421.8907
541.6022 436.4426 549.2236 431.6349
541.9152 477.7376 515.5596 475.0062
545.6065 477.2391 555.6441 477.7489
545.6087 400.8926 528.0975 399.8251
545.6305 459.5599 516.8687 460.4104
546.8641 462.0612 561.8859 462.9387
546.8663 435.6251 547.1873 460.621
555.6247 405.4872 540.6248 405.5224
561.1641 424.4207 559.9584 405.6678
563.1199 461.9739 610.6301 461.7614
563.2324 400.6208 564.0997 423.1356
565.6215 425.0723 609.3777 424.7938
578.1735 472.9527 539.3882 473.76
586.4794 448.0759 585.9744 439.2831
586.9052 438.1689 601.897 437.8197
599.4508 449.6671 589.3768 449.3213
600.5479 469.9017 579.1414 472.1828
607.5062 411.0772 611.7896 416.9374
607.7363 449.6603 605.0911 434.468
612.8359 457.0372 608.9719 450.1498
616.6613 454.4099 617.8882 461.9137
619.3846 463.1668 628.2396 461.1207
619.6753 470.9848 599.3734 468.1365
623.1619 401.4725 563.0802 400.1296
625.2054 469.6339 627.5704 473.4672
631.2056 464.8467 618.4595 467.3369
631.916 476.0907 638.214 476.4194
632.8461 464.4615 632.0627 473.2531
637.5027 400.6752 635.9841 381.846
638.944 470.3341 631.8195 472.9753
