100.7982 52.9504 223.355 89.8612
101.8962 72.8733 -0.5423 156.6985
102.0438 57.3451 0.19411 141.3526
117.92 66.2287 100.5791 71.7304
89.3883 158.1943 126.7108 151.0206
102.7329 101.9493 104.4613 81.9907
105.5866 83.0298 110.7544 80.946
108.7829 98.5842 104.6212 104.5468
111.9868 80.5502 110.7491 99.3832
113.2512 158.7994 98.3066 161.5955
124.3762 154.375 124.2828 173.1245
129.4055 153.0611 127.373 191.8356
146.1728 153.5671 148.0545 145.9151
148.4493 147.2629 192.2159 138.5964
175.0429 86.2908 114.8984 68.0163
192.4887 145.5607 191.5485 173.1565
192.9929 139.3841 193.3399 144.446
223.4612 101.9136 173.4771 85.9334
224.0901 131.8973 224.8711 98.1365
225.5019 88.7065 527.0361 223.0687
237.9952 122.5232 247.1291 120.553
238.1011 108.2138 242.2253 109.3258
239.8796 119.9378 226.7992 114.5594
242.7825 108.9188 291.6122 129.9841
245.2452 125.6972 251.3282 121.6935
246.0051 128.7704 239.2727 124.5377
255.1056 122.7835 252.2521 127.123
255.7075 127.0524 260.7742 124.6958
256.8596 130.688 247.1381 128.3027
259.6377 128.0625 261.8088 137.1881
263.2805 130.0249 268.0098 128.8935
265.6213 132.2049 273.1313 132.1746
271.9836 135.896 279.3095 132.9616
276.9465 138.2837 283.5464 135.3105
292.079 130.1506 437.1339 192.523
295.6929 144.4192 281.3727 137.7657
298.5152 145.2681 302.1227 143.6921
309.3131 149.6531 295.4169 146.5601
70.6495 199.4757 73.6085 162.0119
74.5447 161.4094 89.1322 158.2529
82.8699 163.1082 80.9709 191.8978
85.5863 197.8923 110.723 193.7144
88.4944 164.1949 85.7224 196.9889
91.003 194.4002 93.1683 161.8779
94.4021 200.4256 73.0696 200.9754
97.1303 160.6425 94.8212 194.3199
108.1961 239.3812 105.2399 273.2006
111.879 191.9742 114.7598 155.5566
118.9877 239.3573 117.5611 270.6563
123.8537 238.1 121.9946 276.8807
125.4837 192.5871 95.5769 200.4417
128.3121 235.4534 144.2979 232.6804
138.0369 236.8722 137.0182 269.3795
144.1681 239.2676 141.5755 274.4451
144.5989 233.5955 204.5593 225.7909
145.667 188.3889 190.7201 181.2228
145.8078 180.6889 146.9815 154.3797
159.4988 234.381 157.6809 271.8535
159.9176 183.1419 160.9283 150.6344
178.0342 170.6237 178.3235 150.6098
184.4806 234.9016 177.9903 236.2032
187.0248 229.3227 185.2444 266.7975
191.8116 183.9814 144.1397 191.6652
201.2841 229.3499 199.8466 263.1451
207.0069 225.5778 205.107 270.6031
315.935 239.4215 316.8672 208.1248
319.2282 237.4 341.7177 243.6877
319.3507 231.628 336.9265 229.899
320.2278 169.1504 340.5656 177.0285
320.2376 201.8672 320.5156 188.1228
321.2121 186.7755 318.4294 170.3615
321.3066 215.4718 320.1384 229.334
322.6443 174.375 322.6436 201.875
325.625 178.125 325.625 195.625
331.2248 203.1609 329.6303 174.2919
333.1409 233.3351 321.861 234.1904
335.1165 180.6224 335.0014 203.1282
337.7162 201.8716 337.8847 181.873
338.115 212.6535 321.8723 212.9984
340.245 228.4953 337.6096 234.6876
340.7559 202.715 359.5822 208.726
341.2918 179.3741 341.2551 201.876
345.8203 229.2612 349.4898 235.5581
345.8452 213.1222 346.0334 228.1356
348.8144 232.7949 361.4404 236.057
349.5424 238.0739 335.6998 236.2935
357.8446 170.5973 308.5399 150.3255
359.3119 218.2876 348.2708 213.9996
362.3745 221.8823 362.5053 190.6224
362.6085 189.3983 362.5496 188.0945
363.7472 223.1526 362.9747 240.5629
365.7566 191.8745 365.8455 216.8742
368.5601 215.6258 368.5392 193.1246
370.9692 223.4618 363.1646 220.5199
371.3276 190.6248 371.3157 216.8753
378.9395 178.2537 357.3446 171.4317
385.3223 229.013 399.1679 233.7326
386.9306 236.8756 386.662 260.6226
394.0184 236.8766 394.1346 263.1261
400.2637 235.6234 400.3175 265.6255
410.9084 235.653 411.4568 205.6402
413.6411 210.6228 413.7359 233.1277
416.3514 233.1319 416.0862 213.1189
418.7899 208.1254 418.8068 233.1254
418.8712 198.8426 420.6765 205.6113
419.6981 239.666 411.828 237.0144
423.7691 197.8341 378.7899 179.0342
426.5818 200.0358 439.0939 193.81
427.3893 201.8775 427.9388 363.1299
428.7188 203.8082 440.4155 196.5379
437.3754 188.2395 235.6431 99.3338
437.863 215.0024 450.2849 220.1895
439.7103 220.6262 439.63 243.1259
443.2186 195.404 504.1335 221.1955
446.2456 223.127 446.3175 245.6268
451.2451 221.8692 451.4327 241.8792
460.38 223.6905 481.4632 232.8255
464.872 229.3627 465.273 245.6337
470.7637 229.374 470.8775 245.632
476.1651 235.6216 476.2746 253.1288
482.8962 236.8586 482.6743 256.8839
492.1929 220.6046 493.5602 241.9272
492.814 226.6983 435.6798 202.5392
505.0735 225.5806 495.0047 227.7631
505.6345 218.1031 444.0693 191.3279
505.6838 220.4986 507.1895 221.1987
506.1425 230.6086 508.9635 319.3881
508.4008 220.0509 519.493 225.3794
514.01 239.0446 542.0533 250.1757
514.0118 233.5189 505.3753 224.5728
519.749 225.7292 529.3382 231.9319
528.1655 221.7953 566.0533 241.0314
530.217 231.5296 561.8069 245.7759
557.3752 229.1411 560.4147 235.6422
559.1426 227.2803 569.9048 233.451
567.9168 233.919 599.9107 230.0146
590.5909 238.558 596.1624 242.809
590.7529 237.7404 578.1584 239.6009
595.4876 223.0517 594.173 225.5173
596.2516 230.5424 602.2198 233.7293
602.9623 233.4782 626.8338 229.148
615.9683 236.9963 616.9759 244.5287
619.8156 222.0636 626.6556 224.9033
624.3065 236.2122 631.9935 237.1095
624.7321 222.6239 632.2997 219.0158
626.7729 227.8618 636.4858 224.0943
627.0178 232.7239 599.4565 237.3594
628.895 221.0251 631.1494 223.7298
632.6157 221.8436 634.0047 199.3521
633.3212 198.1961 635.5034 192.1749
65.435 281.9377 67.7222 243.249
68.2877 243.1541 122.1209 236.3087
77.5923 245.5916 75.7075 275.6302
79.3325 281.42 104.4635 279.0716
82.6207 246.9156 80.8506 279.4553
86.2592 276.9152 88.4009 243.1425
93.4729 254.409 91.5111 274.4617
108.6649 270.6603 110.6313 240.6254
116.8626 273.0509 88.083 277.8746
119.2084 274.471 120.9865 254.407
119.2422 280.4161 68.0749 285.0751
125.7007 275.7068 128.0931 236.9502
141.8687 275.554 185.6061 271.6627
147.4775 270.6544 149.1839 235.6767
156.8052 270.9001 149.2544 271.4409
162.1378 270.6903 163.7592 233.1524
185.6279 268.156 164.3288 270.1257
188.1205 269.2577 201.8505 268.7332
188.2295 264.3801 189.8804 230.5886
199.3966 264.6828 189.3583 265.3862
202.0486 266.8838 204.0167 228.1068
203.2346 273.1321 126.8025 279.7933
314.1347 319.4115 315.2214 289.3604
316.7077 319.1359 340.4288 323.0608
317.9344 285.6261 317.7179 248.1201
318.2294 287.7068 324.7003 289.3217
319.4023 249.2749 338.122 254.386
319.824 298.117 319.7116 309.3784
321.868 313.6853 340.6161 313.4962
322.3772 254.4019 320.7068 285.6294
325.6041 290.1011 328.8686 282.1815
325.9034 293.3806 318.2997 291.2513
328.0116 284.4463 328.9454 253.1868
328.0874 248.7316 315.876 240.2631
330.3478 245.5729 325.3274 244.4113
333.9974 258.1207 333.5944 293.1304
334.3921 295.5642 326.2792 293.2905
336.875 284.375 336.875 260.625
339.4216 246.4689 328.0682 247.0953
340.7245 253.0954 339.9191 284.389
341.8982 285.5224 360.8131 289.7914
343.0375 313.8149 359.3423 315.883
343.1162 315.6483 348.3209 317.6035
343.6445 244.6776 339.116 252.4522
345.0414 303.0578 344.0143 311.9774
348.1352 294.3164 358.2635 296.0798
359.9807 313.1344 360.174 300.618
361.6791 240.9684 344.4435 244.6918
362.239 290.6244 362.1924 261.8725
362.6534 298.1196 362.8098 320.6359
363.0144 261.7343 369.3676 262.0322
365.2389 265.6248 365.2259 289.3748
368.125 291.875 368.125 269.375
370.8453 298.7055 362.9646 296.1126
371.0269 264.3586 371.2997 291.8807
383.6869 260.6299 383.9459 230.6213
384.1355 264.0602 400.5871 268.2731
384.1659 301.5973 399.2736 304.8465
386.9576 306.8765 386.4687 333.1407
390.1664 261.8862 390.31 235.6301
394.3279 306.8749 394.2738 334.3748
397.0963 264.3754 397.1459 239.3755
399.7813 306.8198 400.7822 336.8698
399.8632 271.3698 383.4892 266.8155
411.4827 301.8732 411.4222 273.1233
414.375 278.125 414.375 280.625
414.375 281.875 414.375 283.125
414.4735 284.377 414.1506 300.6205
418.6052 276.8307 419.2781 303.1275
434.6046 270.6979 435.7778 246.8825
436.584 268.2986 447.1626 265.4388
436.6602 243.1295 436.0801 215.5891
438.1243 280.6275 448.3521 283.5916
438.7846 251.869 438.8978 264.3793
439.3601 271.946 450.6395 274.3059
439.3865 310.6247 439.8275 329.3937
439.7263 285.6249 439.7308 309.3752
440.0025 279.7898 434.6201 271.7117
443.4381 310.6255 443.4739 285.6237
443.5179 245.6378 443.1249 219.375
446.3161 286.8873 446.8387 310.6258
446.842 279.4312 439.0797 274.8786
446.9346 266.4646 456.9218 266.8234
449.375 309.375 449.375 288.125
449.643 241.8519 448.2447 225.6147
451.7097 283.0908 452.5387 309.3935
453.1234 251.5487 440.6177 251.6087
453.3295 275.7013 450.8235 282.4156
455.5782 318.8287 443.1333 318
458.0694 249.3758 457.6942 221.8809
459.4775 253.1228 459.723 264.3674
460.188 319.4044 461.0255 331.8481
460.8476 266.1709 469.521 268.9133
465.2986 287.9672 481.9309 292.9379
466.2437 311.9023 465.2122 288.0887
466.8658 254.3896 459.2337 249.6001
467.9393 251.8794 467.4019 229.3624
469.533 316.7434 466.2559 320.869
471.716 273.296 454.4077 275.8467
472.9131 249.3043 468.0324 263.9269
478.7752 254.3795 478.6359 235.6212
483.1825 264.2182 470.9515 259.7344
483.2232 298.0833 483.923 320.6777
513.5615 266.8636 512.8069 238.1006
515.2792 296.81 535.7269 302.776
518.3445 243.1157 519.3021 265.6281
519.8632 301.8584 520.7117 326.8721
521.6317 268.1342 520.7296 244.371
523.4761 246.866 524.0192 268.1341
525.0345 303.1383 525.5147 324.4057
528.1219 269.4451 526.8626 246.9456
532.0347 275.2199 513.2482 267.8127
533.713 249.3481 534.6883 270.6678
534.2804 300.716 532.7479 278.0659
535.6779 305.6242 536.013 326.8886
537.522 271.8869 537.1279 251.87
537.9973 284.3612 538.0898 291.8754
538.504 277.4333 534.0396 274.9871
539.3461 253.126 540.1669 276.8908
539.4211 289.1422 548.0786 290.8589
541.0634 309.3625 541.5633 326.8839
543.7318 251.836 544.9379 270.5888
545.5154 305.6751 546.2515 325.648
546.5085 296.7929 544.9089 303.9346
547.9997 291.1693 561.8567 292.1371
552.2546 274.4031 551.4877 250.6375
554.3665 256.8755 555.2407 271.8974
554.7141 279.3544 555.2477 288.1479
555.1807 249.2293 513.197 232.3389
556.175 296.8557 556.5275 306.8872
558.5186 310.5035 557.8793 328.1613
558.5381 256.8926 558.8541 271.886
562.1271 242.5868 531.7626 228.3649
562.6425 276.8364 563.2736 289.3675
564.8537 240.6999 589.9877 250.9394
566.7646 306.8791 565.9771 285.5658
568.0613 248.271 613.1967 267.9608
568.917 289.3447 569.6345 308.1151
573.3374 313.7881 566.6113 311.3538
573.5059 286.8981 574.0698 308.1331
579.2498 283.1355 577.7715 265.5497
579.4195 240.3774 568.1423 240.0422
581.3215 265.6642 582.649 284.4087
583.2175 316.8025 584.1667 334.3862
590.2398 251.4877 604.0312 257.6451
590.9534 311.9399 590.0654 299.3264
591.875 249.375 591.875 250.625
593.8786 284.2443 591.7013 271.6884
594.3326 307.5257 614.329 308.8298
596.8992 248.1254 596.8308 251.8969
597.9285 271.8846 598.7894 289.4038
600.3536 313.1259 600.4319 338.1256
602.1728 259.9417 567.858 244.9876
603.914 270.506 555.9921 250.9743
604.5974 257.6778 617.1116 263.899
605.639 294.3932 609.9902 291.049
606.8118 297.6752 594.2912 296.6864
609.4977 240.6059 611.2677 251.9696
612.8525 270.8285 615.9937 275.0334
613.7252 274.8512 603.1888 270.8849
615.6139 312.8587 601.8357 313.4343
617.1492 309.344 615.5972 295.6281
617.7643 263.9751 630.6048 269.4226
618.6639 285.9391 614.3561 276.1855
621.9079 296.8498 627.8467 304.5885
626.917 271.7894 604.3321 260.7125
629.2966 292.1122 623.4473 285.3464
632.6382 283.4775 630.5909 280.6497
634.6295 261.7275 626.7808 248.1796
635.3425 249.6304 623.5035 236.5329
637.3337 271.2002 629.8792 266.1332
0.55257 362.8562 5.7197 362.6098
5.9239 362.9442 15.1695 366.7358
8.1174 393.2646 16.8419 393.7366
14.322 366.2943 30.6668 365.8214
25.499 382.7832 15.8846 386.329
28.0546 366.0716 41.4923 373.7911
39.2837 387.414 49.3214 387.926
39.2918 374.3036 39.6619 386.8296
44.5047 376.5909 46.5819 386.6779
44.7017 380.8457 42.1786 384.5801
51.9286 388.7545 60.1781 383.0329
58.9451 387.6536 63.4057 390.1166
60.2107 366.9159 62.165 326.9503
63.1502 326.1705 119.4532 323.5644
68.5902 383.1993 66.1912 398.2155
72.6592 329.3491 71.7543 345.6183
73.3769 370.006 63.0589 368.6155
75.6099 366.9904 100.6221 366.6584
77.4244 331.9045 75.6099 365.6913
81.0776 386.0904 88.2007 389.4014
81.2195 361.9118 83.3097 328.1364
81.5178 384.598 79.0201 394.5986
85.7383 389.9621 99.514 390.7782
100.607 335.353 88.1616 336.1778
101.4072 349.3407 100.6703 359.3783
101.8999 362.5544 80.5869 363.336
102.684 383.0545 101.0631 393.195
103.625 325.5925 102.919 341.8661
104.0557 359.3544 106.0714 328.0732
105.609 365.0801 115.6371 364.7862
108.4341 387.1111 122.7219 391.7871
115.4757 326.8681 113.9763 359.4142
115.7295 368.2332 74.2442 371.4242
120.4348 323.114 117.9106 366.7904
124.8732 384.2933 123.904 393.2097
132.7126 383.5992 128.3544 391.2972
133.2301 379.33 136.0754 385.9677
137.3079 358.1913 138.444 329.3383
137.4861 385.7899 140.0619 395.7703
139.4591 322.1736 184.4622 319.731
140.2531 390.6589 146.923 388.619
151.4517 378.1367 151.7972 390.6616
154.6906 385.2807 168.39 397.8359
166.3661 399.3271 166.6681 411.88
169.3582 397.1271 200.6322 397.4771
184.366 368.8271 135.6086 369.6246
185.3571 320.7024 186.8822 325.9839
186.1031 326.7391 184.0736 356.9388
203.5503 399.9719 210.6936 401.5681
211.835 396.8141 310.6413 400.1413
256.354 366.8669 255.947 393.13
256.6609 394.5112 278.0807 390.3945
276.9297 372.9331 264.3815 369.3522
278.6835 388.1281 278.621 374.3727
313.0475 398.1291 313.135 373.1207
314.3514 370.984 323.2273 371.5667
314.9461 366.8808 315.3297 329.3592
317.7886 381.8618 317.2501 395.6396
318.8918 335.6201 318.5475 369.3793
319.3686 398.4229 339.3595 398.8499
319.5566 330.5373 314.0438 319.541
323.0965 332.0607 335.6838 333.9916
324.2841 369.3742 324.5905 335.6156
325.6323 375.2828 315.6102 375.069
326.8515 328.1671 317.5196 322.9599
332.5331 338.117 331.9926 378.1266
335.0066 368.127 334.9004 335.6192
335.6284 380.1689 320.6199 380.0561
338.0487 327.484 328.0655 327.0743
338.2443 396.8678 337.339 381.847
339.1511 333.1218 338.6485 368.1325
339.3659 370.8222 358.1338 371.6841
341.8538 398.6637 354.3836 399.1567
343.0841 380.6215 341.6988 396.966
343.4702 323.6917 338.3486 332.7117
344.3717 378.1823 356.902 378.9118
356.8749 374.416 345.6216 374.3854
358.175 399.3745 358.016 381.876
361.1253 375.6269 361.0292 400.6266
361.7375 365.6395 362.1129 336.8781
361.8797 321.9182 343.079 323.9488
363.0578 337.703 369.3677 338.2152
364.9668 341.873 364.8894 366.8727
367.5518 368.1304 367.7503 343.122
370.5918 340.6079 370.9967 369.3698
370.6769 375.0749 361.7703 374.2338
377.1259 365.0872 423.0954 361.4958
381.3968 380.7535 377.5303 366.3631
383.0167 337.6093 395.6114 339.4674
383.3885 334.4075 384.0339 304.3677
389.0803 333.1898 390.8597 306.9758
389.3171 372.6813 399.3551 373.4017
393.5856 391.8541 394.0296 428.1445
394.2311 375.6218 393.8922 390.6704
395.6063 376.0055 405.6435 376.4992
397.5137 336.8857 397.0558 310.6219
399.5509 343.1659 384.3276 340.951
399.9529 382.392 405.1601 377.618
401.9382 384.3761 401.1357 431.8836
406.1123 370.9192 407.1857 378.2623
411.2449 359.3527 411.8192 343.123
415.4247 395.6006 423.3265 396.892
418.9584 346.8603 419.1796 359.3784
419.4553 378.7401 412.9925 377.9224
423.1652 367.2179 415.4778 368.1193
424.4011 395.6157 424.6193 366.8674
424.4456 361.8747 423.6333 198.1411
428.1146 366.8606 427.9428 396.8811
429.3615 396.4474 453.1667 395.6946
435.5514 334.447 437.1871 279.3472
436.273 394.3991 436.8336 379.327
436.8594 333.4388 455.6325 333.6261
436.9438 378.1345 436.7124 349.3662
437.039 348.0977 434.9171 335.3272
439.3174 338.5341 451.7472 340.2831
439.723 350.6224 439.9283 378.1302
441.8811 380.5074 458.1239 380.4192
443.8383 376.8776 443.7134 350.6281
444.7499 345.0638 436.5434 341.3598
447.2669 353.1225 447.4174 376.8795
449.375 378.125 449.375 354.375
452.5561 348.1191 452.6469 378.1264
452.7764 396.4456 450.0189 406.7122
453.3672 340.6324 453.1013 349.3361
454.294 384.2178 444.3486 383.4809
456.8362 333.831 461.859 333.9306
459.2342 350.5076 491.8517 354.5628
459.6564 379.3904 459.2388 353.1073
461.1892 388.1233 461.2241 399.377
461.5736 334.764 469.3474 334.0669
466.6582 354.3505 467.2512 379.3957
469.8226 380.6271 469.7538 354.374
470.6507 340.1865 455.5867 340.6629
470.6794 385.4111 458.0423 382.2003
472.4495 324.3811 472.3025 338.1429
472.6915 386.873 472.7293 401.876
474.3659 383.291 483.158 383.7705
479.6882 355.6221 479.9068 379.3816
483.5516 325.1062 471.7805 322.267
484.8218 384.3792 484.6791 356.8734
487.3493 356.8602 488.1284 381.8749
488.1266 386.2559 474.3766 386.2896
492.9594 355.6283 493.5084 383.1423
493.0491 381.0797 489.7766 389.5305
496.438 385.6335 493.6672 243.1145
501.164 397.1672 504.3423 404.9021
508.5653 320.6143 510.2675 390.6337
510.1561 396.8116 510.9788 406.9478
514.8605 324.3858 514.4905 298.1058
521.56 386.8708 521.4177 355.6214
521.6439 356.921 530.3403 358.4715
522.9583 323.1302 522.2922 301.8619
524.709 399.3246 525.686 405.8043
529.7888 332.0061 514.1534 326.2242
529.8168 328.1236 529.858 304.3737
530.7192 388.5299 521.9389 387.5515
531.3916 359.3854 531.9844 386.8996
534.7817 346.9202 535.0906 335.6104
535.9368 356.9839 534.8853 347.9208
537.9749 346.0619 550.7078 347.1949
538.9671 326.8817 538.6362 306.8665
540.8619 378.0858 537.9123 360.2468
542.5931 363.1389 543.2767 389.3711
547.3513 359.3564 547.6214 384.3804
548.5229 352.0249 545.9944 358.7352
550.566 335.8792 536.6929 332.6598
552.6436 340.5118 553.7513 348.0327
553.8059 338.116 553.2627 296.8732
557.1171 350.6006 558.1265 360.6248
557.1694 348.9089 564.2239 353.3643
560.7815 364.1298 558.6573 384.4307
564.4302 380.7552 584.4481 379.9552
564.7375 331.8729 564.8456 350.6295
568.6365 358.0984 567.5332 336.8409
570.7152 339.3725 571.2325 358.1427
572.9563 388.1233 572.736 409.371
574.8214 339.3522 575.8429 359.3639
578.7382 383.1096 578.1939 405.6568
581.8267 333.1324 579.1364 315.4709
582.2761 375.5705 581.0638 366.6456
584.7042 366.7857 585.1347 374.4027
590.8713 348.2495 594.1549 341.7507
592.7563 360.836 591.2514 349.2933
594.3844 356.9281 607.3626 354.636
594.4382 328.4459 591.3482 317.0175
594.9301 338.1418 594.7186 329.3667
595.6533 382.5808 581.8253 383.135
595.6605 374.5796 593.5098 361.8102
600.623 390.2029 618.1226 390.1187
601.8517 340.7514 615.6249 340.6162
601.9561 360.6251 601.9097 388.1251
616.8795 360.8591 603.1345 361.1223
618.3467 396.8939 616.7554 415.6148
618.468 346.9012 617.3841 309.3964
619.4992 376.8721 618.8356 348.1086
620.5941 345.0628 626.9437 345.3484
620.6053 388.2463 631.8954 388.0498
621.8585 380.4853 632.0121 379.2838
630.6476 383.848 619.3696 384.2009
630.654 370.6654 621.9177 376.9346
631.8751 387.9764 638.1251 387.9766
634.0082 390.6132 633.6061 403.1404
636.4609 337.6273 628.1268 323.6297
638.3633 368.1082 630.6676 369.5954
1.2055 463.1526 1.741 451.8687
12.5206 473.1909 15.4621 444.3584
19.1144 438.0981 16.536 463.09
24.1575 471.859 25.5372 453.1185
49.975 468.1248 49.9718 478.1256
52.8521 460.5988 54.5281 443.1397
53.1454 478.1239 52.5482 466.8394
57.2307 443.0384 55.2877 463.0923
57.8332 469.3492 59.4844 450.6346
59.3423 449.3712 60.7864 436.8937
67.5372 478.1636 68.3399 464.3875
79.447 469.3797 81.0093 445.6503
79.5867 435.6415 77.2481 465.6541
83.3578 444.3862 82.1585 469.3886
84.936 468.1025 85.6701 445.6265
89.3046 435.6215 87.8756 464.3626
89.6387 468.1445 91.5807 441.8533
94.0605 441.8549 92.3777 468.1572
95.2645 458.0961 96.4671 443.0923
98.6855 443.0971 97.8744 463.1148
104.2435 468.1151 106.1297 443.0689
104.3973 436.877 101.6046 468.1008
111.3161 444.397 110.9701 435.6114
121.2183 459.3748 121.2254 478.1252
123.576 475.6406 124.3133 454.3729
131.8351 441.8724 130.3089 465.6047
132.6861 465.672 133.7776 446.8404
139.8295 454.3416 139.0379 473.1634
139.958 476.0647 134.3337 478.0052
149.685 440.6508 147.9189 461.8578
150.3268 463.1045 151.619 444.3574
154.1108 468.1012 155.4607 453.1102
154.4162 477.0549 140.5424 476.5212
160.8028 455.6306 160.2533 473.1526
166.4917 444.3529 164.8321 473.1513
168.7596 415.6125 168.3514 435.6551
169.2945 413.2973 181.8251 414.0066
172.7341 435.6263 172.667 415.6223
175.707 475.1357 155.5371 477.3091
176.2959 438.1601 174.5283 471.9484
181.7361 449.3276 226.8561 454.5389
182.0119 477.5313 175.8038 476.0996
182.8113 414.3496 182.3644 441.8626
210.6411 477.6706 181.8387 476.6526
215.6392 477.3699 236.8817 477.7704
224.3645 448.9868 255.5915 448.1401
228.0998 454.6416 243.2013 456.0669
229.2594 472.9578 211.875 474.3755
244.3321 456.0361 263.1381 457.9998
244.3534 452.735 226.8644 452.296
244.3735 477.5113 255.6265 477.4833
244.5288 446.8359 245.5971 416.874
246.8753 414.559 281.8773 414.5008
256.8459 448.874 315.5428 445.4616
258.0895 474.8841 229.1316 472.8632
263.1231 460.6464 250.6109 459.5339
264.3582 458.3091 345.7299 465.7232
265.6461 437.8632 256.9526 437.1625
277.2261 416.8701 277.611 444.3822
279.8323 444.3866 280.434 420.6202
283.7827 414.3719 283.6299 443.1277
288.1293 463.0816 266.8412 460.9653
304.491 458.0668 244.4094 452.7374
310.6183 400.4992 315.0559 398.1753
313.0786 404.2441 339.3675 404.7596
316.2617 441.8849 316.6305 418.1018
317.6559 417.1555 310.6639 402.5097
320.038 416.8852 319.6546 441.8984
321.9246 472.3928 261.9953 478.1312
323.5585 443.1529 323.2041 416.8739
324.473 467.3467 313.0886 465.914
328.4736 416.8784 328.2173 443.1381
331.1617 443.1251 331.1661 415.6251
332.9691 444.4155 364.501 440.3526
334.8835 425.6223 334.8297 440.6266
339.5 405.3011 334.036 424.2774
344.3961 469.6624 322.9861 471.2363
346.7485 465.6015 374.1027 462.884
353.1833 461.2 305.6061 457.0935
361.6761 433.1129 362.5975 418.0165
361.8727 401.9468 378.1275 401.9155
366.6107 434.3499 367.6805 423.0828
366.6421 441.0672 379.181 437.4522
370.4502 415.6253 370.4836 434.3752
374.2974 463.5656 478.0529 453.6227
376.8528 435.5093 414.3629 436.245
378.0902 467.7506 345.5231 470.7785
379.2579 403.124 378.9889 433.1328
384.219 456.6283 355.7737 458.2437
385.5244 434.3703 385.7411 371.8754
404.6602 433.1269 404.8475 404.3781
405.5827 402.8556 413.1764 403.183
415.2339 433.1255 415.2408 420.6248
420.4466 453.5159 384.2442 456.5783
421.7575 440.4827 431.9085 441.5592
424.1241 434.4163 422.8552 426.7135
427.9201 425.6302 428.1744 435.6237
434.3748 425.6308 449.3978 426.0407
435.5844 446.5717 460.592 447.6441
436.9252 438.8234 430.6137 438.2487
438.2086 451.1519 419.5321 454.1151
449.3684 423.1251 448.938 399.3603
449.3787 431.5834 438.1146 431.4393
450.6052 437.8581 438.0814 438.7856
450.6891 408.1238 451.1584 433.115
453.1264 443.7389 438.1209 443.7054
456.6904 432.5147 464.6128 434.8012
465.6149 433.6909 491.9011 434.1585
465.6475 449.9019 438.0377 451.0808
471.872 404.6064 483.1364 404.7537
477.0557 453.1012 518.0872 450.1068
478.1436 424.5729 471.8955 424.4627
479.3931 415.6245 479.611 423.1543
488.0505 445.4342 450.3852 442.7863
489.7073 413.0722 488.7083 406.7823
490.0619 421.9522 491.2191 411.6607
490.4339 405.6085 500.7645 404.0494
506.8782 445.0872 489.3563 444.9819
509.4412 443.9724 520.7953 445.8396
510.3605 411.867 510.5227 431.886
510.6134 478.0565 524.598 475.6956
513.0871 434.4572 521.9011 434.7079
513.0888 405.0625 523.1268 405.5913
516.8749 441.0789 506.8747 441.0768
516.9354 447.7149 506.9677 446.2458
521.6081 411.2653 525.0116 406.0396
522.5771 444.3464 522.3099 449.463
523.2673 453.2704 378.2455 468.0568
523.4043 440.9155 515.4847 442.3515
523.7742 435.6813 521.5352 411.7897
525.5717 435.6184 524.7888 441.9264
528.0688 407.8116 534.4458 408.1938
533.6704 410.4831 535.6566 418.1168
536.1337 403.1237 536.0946 388.1238
536.6133 435.5605 536.1808 445.702
536.8539 408.0028 552.0483 405.3779
536.8958 460.0035 526.8652 459.669
537.929 447.677 543.148 447.0746
537.9438 475.767 549.2991 473.9105
548.2437 428.8917 540.5413 430.0842
549.2557 418.1361 550.3029 429.4049
554.3307 437.9313 538.0733 441.6488
554.4456 452.3328 538.1026 450.8768
555.2703 429.6326 553.8066 420.5156
555.5624 471.0112 563.2652 472.2604
555.6202 401.8988 554.6703 351.8694
556.8773 444.5381 555.5286 434.2242
557.9782 460.5341 556.7513 445.6352
558.7399 466.815 550.2715 471.1909
561.2233 444.3997 561.7926 459.4255
561.3221 402.2982 573.6712 412.7097
564.6687 458.1275 564.8285 439.3682
568.1257 461.9084 555.6312 462.1716
568.7265 445.6489 568.2795 456.8811
570.1105 405.6689 568.2829 384.2549
570.813 474.4473 541.9361 478.5544
571.7565 444.4973 638.3224 437.5047
571.7936 433.0994 568.9556 442.1359
573.9829 415.3236 571.2426 418.8889
574.8342 415.4609 571.3947 432.0347
575.6193 429.9872 593.1294 430.1491
578.133 406.6722 591.9109 407.2164
579.4279 475.8986 635.7495 465.0192
579.8456 426.893 579.4416 409.3735
580.4729 472.1074 570.5087 473.5967
581.4868 469.5022 601.6671 462.5237
591.7958 428.1314 590.7722 415.5117
593.8002 405.6585 594.5428 390.6954
595.7368 459.8898 588.0562 461.5583
596.8691 401.4361 615.6363 401.5724
597.5046 410.6034 597.111 421.8832
602.0693 462.8656 610.7312 461.1663
609.0876 465.6878 583.1474 471.9676
611.8276 430.8372 597.933 427.735
620.364 415.6492 620.8248 396.8493
629.4321 458.6612 638.3473 457.7113
638.1921 441.2788 570.6346 448.2183
638.5336 430.9307 571.6987 440.6644
0 0 0 0
0 0 0 0
