(0,11) (0)
(1,4,5) (2)
(6) (5)
(7) (1)
(8) (8)
(9) (13)
(10) (59)
(12) (15)
(13,19,20) (14,17)
(22) (18)
(24,27,28,31,45,46,47,59,76) (110)
(25) (19)`
(35) (37)
(37,39,48,49,50,55,57,61) (86)
(44) (68)
(65,66,69,74,75) (95)
(72,78,79) (19)
(80,86) (2)
(90) (38)
(91) (44)
(92) (39,4)
(93) (40)
(94,95) (42)
(96) (43)
(97) (10)
(98) (50)
(99) (11)
(100) (52)
(101) (12)
(102) (55)
(103) (58)
(104) (59)
(105) (62)
(107) (64)
(108,110) (65)
(111) (67)
(113) (72)
(114) (71)
(115) (66)
(117) (80)
(118) (78)
(119) (68)
(120) (73)
(124) (84)
(125) (83)
(126) (85)
(128) (76)
(130) (68)
(131) (77)
(132) (80)
(133) (81)
(134) (87)
(136) (197)
(137) (90)
(147) (93)
(139) (88)
(141) (91)
(145) (92)
(146) (94)
(148) (95)
(152) (96)
(155) (97)
(159,164,166,168,170,178,186) (106)
(165) (98)
(167) (99)
(176) (100)
(179) (101)
(182) (102)
(183) (103)
(184) (105)
(185) (107)
(187) (108,428)
(188) (110)
(189) (109)
(191) (111)
(192) (221)
(193) (112)
(195) (122)
(196) (236)
(197) (229)
(199) (114)
(201) (240)
(204) (234)
(205) (115)
(206) (19)
(209) (116)
(210) (239)
(212,216) (122)
(214) (117)
(217,218) (246)
(220) (19)
(221) (188)
(222) (122)
(223) (119)
(224) (250)
(226) (122)
(227) (19)
(229) (120)
(236) (124)
(244) (150)
(245) (151,51,54)
(246) (152)
(247) (153)
(248) (154)
(249,250) (155)
(251,252) (48)
(253) (160)
(254) (49)
(255,256) (52)
(257) (162)
(258) (171)
(259) (53)
(260,261) (163)
(262) (57)
(263) (156)
(264) (60)
(265) (165)
(266) (54)
(267) (170)
(268) (171)
(269) (174)
(270) (175)
(271) (177)
(272,273) (176)
(274,277) (179)
(275) (183)
(278,279) (181,186)
(281) (182)
(282) (194)
(283,284) (185)
(285) (195)
(286) (187)
(287) (176)
(288) (190)
(289) (189)
(290) (188)
(291) (195)
(292) (199)
(293,297) (203)
(294) (198)
(295) (200)
(296,298) (201)
(299) (202)
(300) (204)
(301) (203)
(302) (205)
(303) (206)
(304) (207)
(306) (208)
(307) (209)
(308) (98)
(310) (210)
(311) (211)
(312) (213)
(313) (212)
(316) (214)
(317) (217)
(319) (218)
(321) (219)
(322) (220,232)
(323) (223)
(324) (224)
(325) (222)
(326) (430)
(328) (227)
(329) (222)
(330) (226)
(331) (228)
(332) (238)
(333,336) (230)
(335) (242)
(338,341) (237)
(339) (233)
(340) (235)
(346) (248)
(347) (247)
(348) (455)
(349,351) (244)
(350) (243)
(352) (246)
(356) (251)
(359) (252)
(360) (121,465)
(365) (321,322,324,326)
(366) (328)
(367) (333)
(368) (334)
(369) (336)
(370) (338)
(371) (339)
(372,373) (341)
(374) (348)
(375) (352)
(376) (353)
(377) (354)
(378) (358)
(380) (360)
(381,382) (366)
(383) (368)
(384) (367)
(385) (371)
(386) (373)
(387) (172)
(388) (376)
(389) (377)
(390) (178)
(391) (382)
(392) (384)
(393) (173)
(395) (381,385)
(396) (382)
(397) (376)
(398) (379)
(399) (385)
(400) (178)
(402) (194)
(403) (384)
(404) (383)
(405) (382)
(406) (191)
(408) (389)
(409,410) (386)
(411) (387)
(412) (391)
(413) (392)
(414) (395)
(415) (191)
(416) (196)
(418) (401)
(419) (399)
(420) (406)
(421) (402)
(422) (400)
(424) (403)
(425) (404)
(426) (405)
(427) (406)
(428) (407)
(429,430) (408)
(432) (409)
(433) (410)
(437) (407)
(438) (411)
(440) (412)
(441) (210)
(442,444) (414)
(445) (416)
(446) (417)
(447) (419)
(448) (420)
(450) (425)
(451) (424)
(452) (421)
(457) (423)
(459) (424)
(460) (430)
(461) (432)
(463) (225)
(465) (433)
(466,470) (439)
(468) (436)
(471) (437)
(473) (438)
(474) (241)
(475) (450,446)
(476,478) (440,441)
(480) (442)
(481) (444)
(483) (455)
(484) (453)
(485) (447)
(486) (448)
(487,488) (451)
(489) (457)
(490,492) (452)
(494,495) (458)
(496) (457)
(497) (459)
(499,500) (460)
(501) (463)
(502,503,504,505,506) (465)
(522) (365)
(518) (337)
(526) (560)
(527) (561)
(528,531,533,532) (562)
(534) (567)
(535) (370)
(536,537) (576)
(538) (577)
(539,542) (372)
(541) (582)
(545) (374)
(548) (583)
(549) (584)
(550) (585)
(551) (375)
(552) (591)
(553) (589)
(554) (380)
(555) (378)
(557) (591)
(558) (590)
(559) (388)
(560) (592)
(561) (390)
(563) (394)
(565) (594)
(566) (393)
(567,568) (596)
(569) (598,578)
(570) (597)
(571) (599)
(572,575) (396)
(573) (600)
(574) (393)
(576) (398)
(577) (605)
(578) (604)
(580,582) (606)
(583) (608)
(584) (607)
(585) (612)
(586) (614)
(587) (610)
(591) (414)
(592) (619)
(593) (624,628)
(594) (429)
(596) (422)
(597) (630)
(598) (622)
(599) (619)
(601) (626)
(602) (628)
(603) (629)
(604) (616)
(607) (638)
(608) (427,426)
(615) (431)
(618) (627)
(627) (449)
(629) (642)
(631) (445)
(632) (627)
(633) (631)
(636,638) (456)
(637) (632)
(639) (634)
(640) (642)
(643) (636)
(644) (648)
(649) (646)
(651) (462)
(656) (465)
(8) (5)
(15) (0)
(26) (28)
(71) (95)
(77) (34)
(96) (45)
(100) (56)
(111) (75)
(113) (69)
(123) (74)
(141) (92)
(144) (94)
(192) (112)
(193) (229)
(197) (114)
(199) (234)
(200) (115)
(212,222) (122)
(223) (250)
(234) (121)
(248) (152)
(261) (53)
(265) (61)
(268) (162)
(308) (211)
(334) (231)
(336) (228)
(375) (354)
(410) (387)
(414) (389)
(424) (404)
(460) (225)
(462) (435,453)
(463) (430)
(473) (440)
(491) (459)
(560) (594)
(565) (596)
(567) (597)
(594) (422)
(614) (431)
(651) (457)