1 1926
2 7576
3 8542
4 906
5 6222
6 6047
7 6018
8 2331
9 7072
10 4179
11 2782
12 9052
13 8218
14 3852
15 2971
16 7329
17 1802
18 1424
19 5298
20 2176
21 550
22 4897
23 35
24 8497
25 251
26 7459
27 1247
28 2463
29 2920
30 3774
31 4808
32 7140
33 7070
34 7201
35 1445
36 6070
37 3405
38 1146
39 9070
40 532
41 2338
42 9052
43 2333
44 7070
45 2501
46 2862
47 2538
48 5324
49 1959
50 1242
51 1269
52 207
53 6541
54 2415
55 9530
56 459
57 150
58 9123
59 93
60 1526
61 1525
62 1845
63 8116
64 1337
65 6498
66 9123
67 2491
68 438
69 174
70 681
71 4670
72 887
73 61
74 9123
75 485
76 5763
77 760
78 7306
79 1923
80 399
81 4437
82 1675
83 9123
84 5576
85 1871
86 177
87 2086
88 201
89 1458
90 814
91 7939
92 1023
93 930
94 3301
95 4376
96 1084
97 6749
98 9123
99 364
100 9028
101 2223
102 9353
103 4431
104 7617
105 8658
106 4438
107 9523
108 1812
109 3834
110 7577
111 5978
112 6114
113 425
114 9530
115 9123
116 3424
117 3376
118 7577
119 2510
120 9123
121 437
122 8152
123 2770
124 2647
125 5139
126 5772
127 325
128 7059
129 968
130 3115
131 3383
132 2420
133 4210
134 2391
135 1099
136 4720
137 2083
138 9481
139 1874
140 4216
141 1855
142 1856
143 1233
144 3755
145 2644
146 7428
147 8660
148 4389
149 55
150 3017
151 69
152 4709
153 3839
154 5482
155 5748
156 4139
157 6784
158 6084
159 6162
160 4517
161 4136
162 359
163 7681
164 6047
165 50
166 3530
167 8158
168 6526
169 242
170 7718
171 1452
172 202
173 4797
174 7812
175 3627
176 3373
177 423
178 3410
179 3032
180 3643
181 339
182 3657
183 3273
184 2235
185 1320
186 6204
187 2096
188 3981
189 212
190 6366
191 3376
192 8052
193 4561
194 7212
195 271
196 7707
197 1874
198 2410
199 105
200 1826
201 98
202 2378
203 2389
204 968
205 1304
206 149
207 6728
208 5991
209 6009
210 8807
211 4804
212 1946
213 4960
214 8416
215 1029
216 4530
217 4527
218 4230
219 4450
220 3536
221 1509
222 3569
223 4550
224 2509
225 6589
226 6085
227 4864
228 4720
229 1787
230 795
231 3791
232 124
233 1779
234 8715
235 6203
236 544
237 6989
238 1499
239 8689
240 3317
241 4203
242 278
243 278
244 991
245 7290
246 2631
247 8021
248 9117
249 3998
250 2972
251 8542
252 1569
253 156
254 2984
255 4549
256 7652
257 6145
258 6084
259 4815
260 2600
261 4245
262 1684
263 5703
264 4509
265 61
266 1829
267 5598
268 1810
269 4375
270 3408
271 6014
272 4123
273 763
274 5986
275 1775
276 150
277 678
278 3997
279 1984
280 1133
281 5119
282 678
283 1287
284 761
285 6418
286 2208
287 4077
288 1146
289 6912
290 224
291 7945
292 2153
293 4972
294 2289
295 108
296 6125
297 7774
298 777
299 3505
300 8997
301 6056
302 2110
303 3386
304 5900
305 4822
306 207
307 3146
308 8667
309 314
310 786
311 123
312 5991
313 4078
314 461
315 4386
316 9273
317 7655
318 795
319 6042
320 145
321 1499
322 6100
323 8327
324 9096
325 8476
326 3674
327 9204
328 5908
329 9203
330 8476
331 1569
332 3250
333 2346
334 3018
335 7330
336 6132
337 2180
338 7670
339 7659
340 5721
341 3011
342 5823
343 2700
344 1890
345 2005
346 96
347 1810
348 5973
349 1737
350 4794
351 4873
352 3488
353 6267
354 4341
355 2955
356 3556
357 7897
358 7246
359 906
360 3937
361 3937
362 786
363 1267
364 3642
365 2320
366 2567
367 129
368 9273
369 282
370 795
371 1318
372 814
373 9497
374 4608
375 8385
376 9302
377 2147
378 293
379 294
380 494
381 3488
382 6202
383 3939
384 2346
385 6383
386 7577
387 2696
388 2851
389 2635
390 5089
391 1275
392 3868
393 5768
394 3653
395 1003
396 5096
397 3043
398 774
399 8913
400 775
401 776
402 1648
403 552
404 2551
405 5348
406 5100
407 408
408 409
409 1498
410 1988
411 1989
412 6464
413 4217
414 1495
415 7625
416 4245
417 7625
418 4938
419 142
420 914
421 286
422 2430
423 1648
424 1648
425 449
426 7795
427 1685
428 843
429 1108
430 1109
431 5730
432 4644
433 6191
434 6195
435 7765
436 7766
437 7769
438 4690
439 2851
440 2556
441 1404
442 1787
443 1058
444 3934
445 1003
446 601
447 4790
448 2031
449 4406
450 6464
451 3539
452 3117
453 2021
454 601
455 3508
456 2188
457 3062
458 2960
459 3065
460 1703
461 3068
462 3069
463 6204
464 4994
465 4995
466 5152
467 493
468 6464
469 2172
470 314
471 2188
472 6083
473 5029
474 3145
475 1150
476 3175
477 1123
478 1124
479 3202
480 3548
481 616
482 1163
483 5029
484 3169
485 5233
486 4668
487 3171
488 3211
489 3170
490 5021
491 3171
492 3169
493 3209
494 6864
495 3210
496 3136
497 1175
498 2311
499 1184
500 8933
501 8808
502 7140
503 2520
504 382
505 6898
506 842
507 6647
508 757
509 1246
510 7702
511 4166
512 2517
513 69
514 467
515 1946
516 5337
517 8350
518 2782
519 978
520 2621
521 6267
522 2713
523 1925
524 5311
525 2982
526 2483
527 5093
528 3250
529 251
530 2701
531 1247
532 871
533 4808
534 5638
535 2514
536 7812
537 9179
538 596
539 5392
540 1984
541 7201
542 5499
543 3084
544 2459
545 2456
546 4474
547 9184
548 4373
549 6070
550 430
551 530
552 4473
553 9070
554 2235
555 3019
556 3981
557 766
558 2511
559 83
560 5332
561 2470
562 2041
563 185
564 760
565 82
566 1737
567 3040
568 3376
569 1428
570 1983
571 763
572 675
573 5049
574 7112
575 3007
576 1425
577 6721
578 1300
579 6465
580 1242
581 7093
582 1923
583 1826
584 114
585 968
586 2077
587 517
588 3301
589 7581
590 2404
591 778
592 6022
593 9112
594 7057
595 4423
596 6490
597 6313
598 5048
599 4561
600 4562
601 6830
602 6047
603 2894
604 126
605 382
606 1029
607 8021
608 3011
609 874
610 7609
611 1235
612 1236
613 1438
614 126
615 1911
616 6052
617 2285
618 4720
619 2283
620 4217
621 2993
622 7939
623 3376
624 3947
625 85
626 1699
627 349
628 408
629 1270
630 6057
631 408
632 115
633 278
634 778
635 277
636 1428
637 695
638 1453
639 242
640 904
641 905
642 207
643 1569
644 2549
645 840
646 7703
647 3386
648 809
649 4479
650 7581
651 7582
652 4245
653 3095
654 5141
655 6131
656 382
657 1404
658 6084
659 3833
660 6084
661 6050
662 6084
663 5701
664 4517
665 598
666 359
667 3761
668 2510
669 5988
670 4245
671 4246
672 7672
673 4652
674 4799
675 68
676 6367
677 1223
678 3406
679 1775
680 3105
681 694
682 3997
683 5499
684 4351
685 5212
686 5211
687 4364
688 1287
689 678
690 6073
691 8823
692 8123
693 3462
694 2871
695 754
696 5100
697 7618
698 694
699 1657
700 2289
701 3816
702 5175
703 5176
704 4947
705 606
706 2285
707 788
708 3981
709 2105
710 3232
711 461
712 8021
713 1992
714 795
715 1376
716 2941
717 7250
718 2686
719 2207
720 4209
721 3063
722 5309
723 7944
724 310
725 5141
726 1331
727 9376
728 3025
729 1567
730 4264
731 156
732 2327
733 4833
734 4276
735 2180
736 2784
737 4646
738 6132
739 6084
740 6050
741 6084
742 4940
743 4655
744 5999
745 5701
746 6108
747 6025
748 425
749 6117
750 763
751 6070
752 5091
753 5972
754 629
755 2275
756 3536
757 2352
758 4720
759 7945
760 1923
761 492
762 2938
763 3043
764 3043
765 9338
766 2944
767 3038
768 899
769 2928
770 4572
771 2944
772 761
773 3672
774 3408
775 2950
776 2954
777 6195
778 849
779 3937
780 4713
781 2443
782 6363
783 4874
784 2004
785 909
786 6042
787 2329
788 1478
789 5909
790 1944
791 9250
792 5920
793 3316
794 2944
795 6100
796 9338
797 2944
798 2950
799 1517
800 8474
801 9204
802 3685
803 8432
804 9027
805 3488
806 3657
807 3011
808 1046
809 1097
810 7329
811 7330
812 7243
813 9298
814 2191
815 6383
816 5999
817 5961
818 2827
819 5851
820 2851
821 1888
822 3292
823 763
824 2576
825 2259
826 5089
827 1275
828 2939
829 8914
830 3982
831 6552
832 776
833 2938
834 1648
835 552
836 7034
837 897
838 897
839 3488
840 515
841 3937
842 1674
843 7625
844 2203
845 2955
846 6107
847 7624
848 8624
849 282
850 1672
851 3050
852 1318
853 8919
854 3108
855 1648
856 2685
857 294
858 449
859 3488
860 3004
861 3674
862 3067
863 840
864 4282
865 6191
866 4690
867 2851
868 3994
869 2726
870 3106
871 1992
872 6127
873 1671
874 3321
875 2035
876 1117
877 4145
878 4145
879 4624
880 7180
881 1989
882 2239
883 157
884 3067
885 3117
886 3310
887 4938
888 1723
889 3144
890 2334
891 3062
892 2960
893 5175
894 5116
895 4350
896 5039
897 4995
898 1275
899 7100
900 4145
901 7180
902 5509
903 5211
904 6025
905 8984
906 1760
907 1123
908 3122
909 2549
910 5175
911 4351
912 4702
913 2303
914 4701
915 3145
916 2790
917 1739
918 1750
919 3173
920 6971
921 3212
922 7023
923 1761
924 5245
925 6988
926 5277
927 1115
928 5280
929 3157
930 3174
931 3222
932 3178
933 792
934 7193
935 3222
936 3202
937 5235
938 3206
939 5294
940 7002
941 5295
942 3227
943 2164
944 5978
945 320
946 5982
947 1428
948 3684
949 3684
950 7212
951 6721
952 6720
953 2440
954 4808
955 4605
956 4606
957 5991
958 6081
959 6084
960 5990
961 6496
962 678
963 9524
964 2007
965 1877
966 4423
967 761
968 8152
969 1213
970 6089
971 1074
972 8152
973 2169
974 6784
975 1014
976 1268
977 21
978 149
979 485
980 7996
981 7997
982 6658
983 1681
984 2023
985 212
986 1257
987 1452
988 3412
989 4365
990 739
991 241
992 3321
993 1445
994 1275
995 379
996 1807
997 104
998 5753
999 8123
1000 8823
1001 7639
1002 1225
1003 824
1004 650
1005 2494
1006 2158
1007 2494
1008 3537
1009 7669
1010 1099
1011 4794
1012 5578
1013 3861
1014 1779
1015 7254
1016 100
1017 3483
1018 1453
1019 1242
1020 84
1021 535
1022 9270
1023 8244
1024 6471
1025 2507
1026 3759
1027 3610
1028 125
1029 3616
1030 2642
1031 4406
1032 6457
1033 5787
1034 43
1035 2324
1036 4711
1037 1314
1038 6515
1039 2404
1040 9564
1041 5330
1042 1265
1043 1654
1044 6308
1045 4652
1046 1540
1047 3994
1048 9339
1049 3038
1050 1470
1051 689
1052 6796
1053 7395
1054 4032
1055 5073
1056 6305
1057 3994
1058 318
1059 1814
1060 4211
1061 277
1062 5040
1063 1088
1064 1284
1065 8741
1066 6490
1067 2973
1068 5836
1069 1592
1070 2369
1071 7843
1072 5900
1073 2470
1074 438
1075 6106
1076 8667
1077 1540
1078 9370
1079 3627
1080 3383
1081 1838
1082 407
1083 1204
1084 6906
1085 2417
1086 788
1087 4502
1088 382
1089 1098
1090 6445
1091 2564
1092 343
1093 3988
1094 4227
1095 4824
1096 1282
1097 4203
1098 7925
1099 677
1100 1527
1101 382
1102 114
1103 1334
1104 3251
1105 3387
1106 5884
1107 3018
1108 3083
1109 6037
1110 1359
1111 5322
1112 2522
1113 6037
1114 1486
1115 1777
1116 9179
1117 4137
1118 6817
1119 7672
1120 6132
1121 4675
1122 4653
1123 8919
1124 9318
1125 2629
1126 6086
1127 6085
1128 6081
1129 8114
1130 744
1131 4714
1132 3752
1133 678
1134 3411
1135 6127
1136 150
1137 2938
1138 5190
1139 2281
1140 5840
1141 760
1142 2475
1143 865
1144 6107
1145 2664
1146 5837
1147 5219
1148 6846
1149 2555
1150 2492
1151 4132
1152 5787
1153 38
1154 3629
1155 1262
1156 8161
1157 5810
1158 5900
1159 1818
1160 8699
1161 271
1162 9255
1163 7749
1164 5208
1165 881
1166 772
1167 1226
1168 5091
1169 433
1170 840
1171 2913
1172 6794
1173 4570
1174 2361
1175 4457
1176 1313
1177 777
1178 2791
1179 2251
1180 2379
1181 3505
1182 7259
1183 5787
1184 6359
1185 6169
1186 224
1187 4964
1188 251
1189 278
1190 6056
1191 271
1192 2100
1193 1592
1194 795
1195 4545
1196 7129
1197 3885
1198 1501
1199 6900
1200 8689
1201 8690
1202 2470
1203 9398
1204 5630
1205 7792
1206 35
1207 2451
1208 5685
1209 2369
1210 155
1211 1338
1212 6100
1213 1554
1214 8793
1215 8476
1216 8248
1217 4078
1218 3250
1219 251
1220 2601
1221 1315
1222 8870
1223 1870
1224 7536
1225 8835
1226 8476
1227 2602
1228 3384
1229 2066
1230 1325
1231 5891
1232 6162
1233 2784
1234 2782
1235 3475
1236 2932
1237 352
1238 5745
1239 875
1240 1267
1241 1268
1242 5333
1243 5174
1244 7577
1245 5301
1246 8968
1247 3578
1248 1074
1249 1450
1250 5365
1251 2941
1252 7463
1253 3653
1254 5169
1255 2014
1256 486
1257 2935
1258 3417
1259 1320
1260 251
1261 1303
1262 8667
1263 6841
1264 2274
1265 9273
1266 123
1267 1317
1268 795
1269 909
1270 1653
1271 814
1272 294
1273 9497
1274 1318
1275 9100
1276 7246
1277 6256
1278 9273
1279 145
1280 2951
1281 4992
1282 3488
1283 1583
1284 1554
1285 1318
1286 8385
1287 282
1288 145
1289 2988
1290 3642
1291 3259
1292 9302
1293 2071
1294 3328
1295 6162
1296 4867
1297 2170
1298 5154
1299 8099
1300 3276
1301 5972
1302 9296
1303 2551
1304 894
1305 3405
1306 3864
1307 5774
1308 891
1309 6589
1310 2003
1311 2004
1312 1277
1313 3488
1314 4299
1315 3864
1316 2941
1317 3674
1318 6200
1319 2019
1320 1498
1321 774
1322 1320
1323 3901
1324 3835
1325 9331
1326 7246
1327 8914
1328 8913
1329 2264
1330 2264
1331 6200
1332 1497
1333 1498
1334 1319
1335 3901
1336 3835
1337 7247
1338 7246
1339 1322
1340 914
1341 2962
1342 814
1343 2954
1344 1337
1345 914
1346 4938
1347 1648
1348 5002
1349 3695
1350 1557
1351 6186
1352 4343
1353 6187
1354 2219
1355 4031
1356 2923
1357 4335
1358 5932
1359 6195
1360 1733
1361 2540
1362 2069
1363 6464
1364 951
1365 231
1366 5409
1367 5348
1368 281
1369 551
1370 3855
1371 16
1372 4011
1373 4790
1374 3488
1375 5799
1376 3311
1377 1499
1378 3315
1379 2807
1380 3443
1381 426
1382 220
1383 563
1384 1702
1385 3524
1386 1112
1387 6199
1388 2815
1389 3308
1390 6204
1391 3695
1392 314
1393 1651
1394 192
1395 5468
1396 3857
1397 3491
1398 3447
1399 1699
1400 5369
1401 5464
1402 4011
1403 3145
1404 3175
1405 1124
1406 4352
1407 3563
1408 4283
1409 3208
1410 3585
1411 6994
1412 3170
1413 1737
1414 3171
1415 5500
1416 2003
1417 880
1418 3202
1419 3222
1420 8209
1421 5233
1422 5280
1423 3210
1424 418
1425 1184
1426 1183
1427 5539
1428 7428
1429 7945
1430 4837
1431 4216
1432 8021
1433 1283
1434 3994
1435 150
1436 4720
1437 4003
1438 4472
1439 5978
1440 7644
1441 6211
1442 4216
1443 1575
1444 457
1445 5299
1446 9057
1447 9123
1448 4720
1449 9530
1450 9530
1451 9123
1452 174
1453 3621
1454 4558
1455 7252
1456 3653
1457 2796
1458 6720
1459 3621
1460 6082
1461 6526
1462 6275
1463 6375
1464 485
1465 2378
1466 981
1467 7544
1468 678
1469 678
1470 2313
1471 7243
1472 8138
1473 2456
1474 5169
1475 339
1476 6125
1477 165
1478 8446
1479 4869
1480 2292
1481 5734
1482 2210
1483 98
1484 3680
1485 239
1486 5209
1487 2972
1488 686
1489 1850
1490 132
1491 5748
1492 8689
1493 8690
1494 1400
1495 8715
1496 2369
1497 1300
1498 8707
1499 8149
1500 1874
1501 4423
1502 150
1503 9352
1504 4749
1505 2877
1506 4016
1507 3292
1508 118
1509 2063
1510 2148
1511 2034
1512 4168
1513 7439
1514 2873
1515 654
1516 6657
1517 5569
1518 6195
1519 1032
1520 2545
1521 679
1522 598
1523 8052
1524 5090
1525 777
1526 7718
1527 4371
1528 5989
1529 8225
1530 3661
1531 1573
1532 7971
1533 7711
1534 6491
1535 6492
1536 8689
1537 2369
1538 5349
1539 1394
1540 4068
1541 82
1542 1871
1543 5994
1544 1874
1545 6014
1546 3287
1547 4851
1548 1839
1549 1307
1550 998
1551 2034
1552 7672
1553 2585
1554 2410
1555 6193
1556 1635
1557 4677
1558 2219
1559 7331
1560 308
1561 1093
1562 3860
1563 566
1564 1936
1565 5081
1566 9208
1567 5081
1568 2696
1569 5021
1570 38
1571 7272
1572 7681
1573 4194
1574 7654
1575 1675
1576 472
1577 1216
1578 3044
1579 6162
1580 4278
1581 7243
1582 6123
1583 1860
1584 6269
1585 4955
1586 4001
1587 6413
1588 2348
1589 207
1590 1923
1591 1930
1592 3631
1593 73
1594 592
1595 2920
1596 4261
1597 471
1598 774
1599 254
1600 3321
1601 4558
1602 3994
1603 2100
1604 1787
1605 3998
1606 3508
1607 5379
1608 1304
1609 760
1610 759
1611 454
1612 6379
1613 5991
1614 1257
1615 4023
1616 2346
1617 782
1618 6070
1619 6116
1620 5642
1621 7659
1622 7660
1623 179
1624 4722
1625 9398
1626 2410
1627 278
1628 4429
1629 8667
1630 123
1631 1285
1632 5578
1633 1295
1634 6909
1635 265
1636 5945
1637 271
1638 1964
1639 231
1640 9217
1641 8432
1642 5848
1643 3844
1644 1983
1645 9128
1646 251
1647 4023
1648 761
1649 9203
1650 7498
1651 3237
1652 3936
1653 123
1654 175
1655 265
1656 1318
1657 1206
1658 8771
1659 1014
1660 7043
1661 4385
1662 1295
1663 3676
1664 4386
1665 108
1666 3129
1667 2450
1668 4023
1669 2587
1670 8807
1671 5434
1672 3007
1673 207
1674 6042
1675 3292
1676 1928
1677 6964
1678 7536
1679 4300
1680 4738
1681 1283
1682 791
1683 395
1684 817
1685 2235
1686 3377
1687 774
1688 2036
1689 4089
1690 105
1691 8074
1692 8641
1693 4720
1694 7554
1695 2320
1696 6419
1697 6420
1698 6645
1699 7704
1700 4224
1701 129
1702 1890
1703 7845
1704 294
1705 293
1706 1832
1707 132
1708 1574
1709 3028
1710 6200
1711 216
1712 8385
1713 4603
1714 4653
1715 723
1716 8274
1717 2185
1718 2039
1719 2594
1720 774
1721 5124
1722 1318
1723 282
1724 2124
1725 8789
1726 8541
1727 3093
1728 4160
1729 1111
1730 6506
1731 9375
1732 7721
1733 7558
1734 1648
1735 5902
1736 774
1737 4268
1738 1877
1739 282
1740 7671
1741 788
1742 6276
1743 7971
1744 8079
1745 9131
1746 8914
1747 417
1748 8353
1749 4180
1750 3373
1751 4180
1752 5799
1753 2153
1754 2071
1755 3408
1756 5900
1757 4445
1758 2620
1759 3613
1760 2955
1761 496
1762 4217
1763 2544
1764 1987
1765 2320
1766 6188
1767 776
1768 8702
1769 2111
1770 408
1771 8703
1772 833
1773 650
1774 901
1775 2114
1776 1832
1777 2023
1778 9338
1779 9388
1780 1495
1781 3835
1782 923
1783 409
1784 2020
1785 6084
1786 3415
1787 9290
1788 2574
1789 3036
1790 4056
1791 286
1792 7577
1793 4790
1794 6167
1795 2042
1796 9100
1797 3298
1798 3259
1799 5444
1800 1598
1801 4187
1802 2628
1803 2656
1804 413
1805 3613
1806 1234
1807 202
1808 2098
1809 4471
1810 958
1811 5730
1812 7765
1813 7766
1814 7769
1815 2114
1816 493
1817 2106
1818 2021
1819 4644
1820 4056
1821 7775
1822 2700
1823 2192
1824 1894
1825 1880
1826 2756
1827 2977
1828 7778
1829 3368
1830 7799
1831 560
1832 606
1833 5073
1834 4913
1835 8748
1836 2188
1837 5308
1838 4995
1839 1256
1840 2190
1841 1058
1842 3538
1843 2500
1844 294
1845 608
1846 3171
1847 3170
1848 609
1849 2763
1850 1142
1851 1076
1852 2847
1853 602
1854 3170
1855 3171
1856 2853
1857 2857
1858 650
1859 3209
1860 649
1861 660
1862 4366
1863 7836
1864 2539
1865 4476
1866 818
1867 4209
1868 2549
1869 1321
1870 1779
1871 124
1872 2972
1873 4720
1874 3479
1875 265
1876 202
1877 368
1878 8152
1879 4958
1880 8152
1881 1331
1882 6452
1883 7644
1884 1671
1885 8152
1886 781
1887 6191
1888 2046
1889 8715
1890 4714
1891 4620
1892 2633
1893 1871
1894 824
1895 3535
1896 479
1897 1866
1898 8620
1899 2604
1900 479
1901 5258
1902 346
1903 2389
1904 7467
1905 4437
1906 8152
1907 7623
1908 2650
1909 1441
1910 6525
1911 6389
1912 5991
1913 7702
1914 261
1915 7944
1916 1415
1917 2628
1918 5991
1919 115
1920 114
1921 9123
1922 2096
1923 854
1924 9481
1925 9123
1926 781
1927 9070
1928 4739
1929 2256
1930 8617
1931 2289
1932 2394
1933 4184
1934 397
1935 3637
1936 7212
1937 9123
1938 4448
1939 4428
1940 2954
1941 877
1942 4845
1943 3030
1944 5752
1945 6296
1946 6532
1947 9070
1948 3229
1949 5752
1950 4434
1951 2286
1952 2415
1953 2520
1954 1458
1955 4423
1956 193
1957 4720
1958 5419
1959 346
1960 967
1961 3367
1962 6721
1963 1577
1964 5049
1965 7707
1966 3661
1967 1295
1968 32
1969 4392
1970 6657
1971 3834
1972 1805
1973 1871
1974 2322
1975 1780
1976 3627
1977 1216
1978 2615
1979 6047
1980 1351
1981 1661
1982 6365
1983 2227
1984 2190
1985 4136
1986 7966
1987 6540
1988 352
1989 766
1990 6150
1991 2475
1992 6578
1993 6579
1994 1858
1995 82
1996 6204
1997 2776
1998 3797
1999 763
2000 7654
2001 175
2002 7704
2003 174
2004 7672
2005 1270
2006 7654
2007 6506
2008 8044
2009 332
2010 6340
2011 7307
2012 6743
2013 8233
2014 2352
2015 4834
2016 4819
2017 1736
2018 1278
2019 8097
2020 3410
2021 3423
2022 8307
2023 5119
2024 5088
2025 68
2026 6784
2027 6084
2028 3032
2029 1566
2030 3146
2031 83
2032 2466
2033 5311
2034 6229
2035 5081
2036 2734
2037 2219
2038 6162
2039 6084
2040 2601
2041 1986
2042 6042
2043 8786
2044 1992
2045 840
2046 2549
2047 3186
2048 4710
2049 1331
2050 849
2051 384
2052 385
2053 3025
2054 9217
2055 4378
2056 3317
2057 3316
2058 2404
2059 3308
2060 225
2061 795
2062 2410
2063 9217
2064 7243
2065 4014
2066 5908
2067 9204
2068 7563
2069 3535
2070 2597
2071 7272
2072 4431
2073 7654
2074 2378
2075 165
2076 2645
2077 8715
2078 7602
2079 6125
2080 840
2081 1902
2082 1903
2083 780
2084 786
2085 9559
2086 2430
2087 2054
2088 2404
2089 1918
2090 1288
2091 6195
2092 3909
2093 7779
2094 6042
2095 1482
2096 6278
2097 7123
2098 1206
2099 854
2100 5642
2101 4470
2102 777
2103 766
2104 8136
2105 3652
2106 5578
2107 2457
2108 6367
2109 6430
2110 639
2111 3997
2112 755
2113 2272
2114 7307
2115 6658
2116 7647
2117 6239
2118 1798
2119 207
2120 2491
2121 1198
2122 756
2123 5900
2124 2415
2125 2637
2126 2650
2127 6308
2128 7652
2129 761
2130 1923
2131 2036
2132 3423
2133 3424
2134 9052
2135 3084
2136 8081
2137 677
2138 764
2139 4543
2140 4538
2141 4815
2142 6308
2143 4652
2144 4653
2145 7672
2146 4826
2147 5598
2148 2587
2149 3087
2150 5663
2151 5198
2152 2101
2153 73
2154 6132
2155 7681
2156 9154
2157 6294
2158 1088
2159 843
2160 1894
2161 3673
2162 8919
2163 6365
2164 795
2165 6667
2166 9273
2167 4755
2168 6010
2169 479
2170 8385
2171 2381
2172 2136
2173 786
2174 816
2175 8540
2176 7514
2177 6195
2178 7652
2179 2597
2180 4431
2181 2414
2182 2691
2183 5315
2184 4276
2185 2571
2186 3556
2187 2955
2188 2410
2189 2615
2190 2612
2191 5315
2192 8227
2193 5902
2194 2457
2195 5973
2196 4794
2197 207
2198 2005
2199 777
2200 9338
2201 1223
2202 4341
2203 6379
2204 7945
2205 763
2206 7495
2207 4799
2208 7947
2209 6390
2210 6420
2211 8772
2212 4652
2213 4653
2214 7686
2215 843
2216 843
2217 3674
2218 3004
2219 7795
2220 1026
2221 1025
2222 583
2223 3017
2224 2264
2225 4860
2226 1678
2227 1677
2228 515
2229 8535
2230 552
2231 2402
2232 4939
2233 2558
2234 3140
2235 552
2236 2381
2237 2684
2238 2685
2239 2402
2240 2688
2241 6552
2242 6552
2243 4675
2244 3519
2245 5100
2246 3556
2247 2955
2248 4883
2249 2185
2250 7596
2251 774
2252 6726
2253 1989
2254 1988
2255 8227
2256 2185
2257 1673
2258 2348
2259 6136
2260 4913
2261 7563
2262 6379
2263 6752
2264 6428
2265 6383
2266 2839
2267 2935
2268 5089
2269 6390
2270 6519
2271 7772
2272 4654
2273 6162
2274 3561
2275 8462
2276 3146
2277 549
2278 3066
2279 4857
2280 2760
2281 2397
2282 3920
2283 2807
2284 2215
2285 6713
2286 2587
2287 2402
2288 1396
2289 2819
2290 2043
2291 2042
2292 4774
2293 4389
2294 3455
2295 4666
2296 6727
2297 6729
2298 3972
2299 6645
2300 7769
2301 2819
2302 6395
2303 2194
2304 576
2305 6536
2306 6464
2307 563
2308 2031
2309 116
2310 3117
2311 3801
2312 1429
2313 4385
2314 4384
2315 6069
2316 5571
2317 5036
2318 3106
2319 3257
2320 5309
2321 312
2322 1124
2323 1123
2324 4699
2325 4994
2326 5036
2327 1747
2328 5021
2329 3174
2330 6864
2331 3170
2332 3171
2333 8307
2334 6867
2335 3169
2336 3171
2337 3170
2338 1089
2339 8711
2340 5032
2341 5277
2342 8005
2343 3209
2344 6866
2345 2874
2346 5271
2347 5062
2348 9109
2349 69
2350 8774
2351 231
2352 467
2353 2704
2354 721
2355 3827
2356 2706
2357 1491
2358 7502
2359 2713
2360 6350
2361 7511
2362 251
2363 2701
2364 2055
2365 5151
2366 5638
2367 636
2368 2844
2369 1776
2370 2768
2371 2323
2372 9184
2373 2643
2374 3406
2375 3157
2376 4014
2377 1995
2378 3037
2379 761
2380 3866
2381 4681
2382 9018
2383 6862
2384 1425
2385 7617
2386 8691
2387 79
2388 3376
2389 3477
2390 7577
2391 400
2392 3043
2393 2393
2394 1463
2395 3107
2396 7633
2397 4849
2398 2077
2399 517
2400 778
2401 9356
2402 3112
2403 4423
2404 6464
2405 2186
2406 6473
2407 5315
2408 3011
2409 9328
2410 2956
2411 3232
2412 3087
2413 3377
2414 963
2415 2285
2416 2285
2417 798
2418 287
2419 1893
2420 3417
2421 1395
2422 2948
2423 8596
2424 5686
2425 3778
2426 984
2427 9376
2428 977
2429 3024
2430 4368
2431 2324
2432 1567
2433 4014
2434 7329
2435 7330
2436 4256
2437 9298
2438 2169
2439 1716
2440 6191
2441 6191
2442 3011
2443 1104
2444 5653
2445 3671
2446 8350
2447 4245
2448 4246
2449 7672
2450 4652
2451 4653
2452 1688
2453 1689
2454 2773
2455 4823
2456 3477
2457 7809
2458 1984
2459 4132
2460 13
2461 5901
2462 7314
2463 4892
2464 3375
2465 487
2466 691
2467 5091
2468 16
2469 771
2470 998
2471 4373
2472 1923
2473 2941
2474 2475
2475 761
2476 985
2477 118
2478 952
2479 3760
2480 2950
2481 2285
2482 3310
2483 3088
2484 849
2485 9314
2486 4476
2487 2950
2488 7623
2489 5807
2490 5807
2491 2950
2492 3482
2493 1476
2494 3864
2495 2995
2496 3048
2497 3657
2498 8038
2499 2285
2500 3317
2501 3316
2502 2329
2503 5086
2504 5118
2505 4558
2506 4661
2507 534
2508 2218
2509 537
2510 2784
2511 2823
2512 2822
2513 2767
2514 4323
2515 4655
2516 5701
2517 6108
2518 471
2519 622
2520 6464
2521 2851
2522 763
2523 3979
2524 5190
2525 2464
2526 1648
2527 1648
2528 9445
2529 2944
2530 3045
2531 1314
2532 8707
2533 1074
2534 2954
2535 618
2536 3310
2537 5142
2538 7180
2539 1092
2540 9456
2541 3050
2542 6230
2543 5583
2544 1648
2545 5053
2546 3864
2547 1944
2548 1759
2549 814
2550 206
2551 348
2552 6384
2553 9027
2554 348
2555 970
2556 5101
2557 5413
2558 1031
2559 7329
2560 1111
2561 580
2562 6799
2563 1099
2564 2875
2565 2706
2566 7431
2567 1425
2568 6912
2569 4990
2570 2538
2571 9445
2572 6915
2573 2804
2574 5734
2575 6927
2576 6927
2577 622
2578 6919
2579 5109
2580 1319
2581 6921
2582 806
2583 807
2584 5211
2585 807
2586 7237
2587 456
2588 3108
2589 348
2590 3067
2591 2274
2592 4834
2593 6916
2594 6916
2595 4623
2596 5266
2597 5266
2598 365
2599 1559
2600 5117
2601 3428
2602 920
2603 6967
2604 566
2605 6928
2606 6929
2607 6931
2608 2884
2609 2885
2610 2883
2611 1655
2612 5711
2613 5245
2614 5245
2615 3169
2616 7022
2617 8250
2618 3545
2619 5246
2620 5280
2621 5209
2622 7025
2623 1891
2624 3174
2625 7029
2626 1162
2627 4943
2628 5242
2629 8308
2630 5271
2631 5272
2632 7057
2633 8274
2634 5291
2635 1757
2636 5276
2637 5294
2638 4034
2639 5279
2640 5280
2641 5295
2642 384
2643 385
2644 6036
2645 8701
2646 9110
2647 4214
2648 4137
2649 7946
2650 4136
2651 2520
2652 5661
2653 2169
2654 5837
2655 4245
2656 4246
2657 6162
2658 6228
2659 865
2660 6081
2661 1415
2662 887
2663 5837
2664 5745
2665 7497
2666 5841
2667 3736
2668 123
2669 8450
2670 4548
2671 7389
2672 6127
2673 3908
2674 5753
2675 5754
2676 7350
2677 1143
2678 2055
2679 2463
2680 379
2681 3643
2682 183
2683 1244
2684 1267
2685 121
2686 6308
2687 5982
2688 1223
2689 5351
2690 3873
2691 4122
2692 9475
2693 8823
2694 2102
2695 1737
2696 4132
2697 1428
2698 1532
2699 6866
2700 6128
2701 1265
2702 1426
2703 556
2704 1374
2705 2074
2706 4374
2707 1320
2708 3476
2709 4378
2710 6752
2711 566
2712 6061
2713 6342
2714 4378
2715 5781
2716 9007
2717 3509
2718 5334
2719 7788
2720 522
2721 1592
2722 2013
2723 3377
2724 407
2725 2973
2726 2329
2727 5768
2728 6900
2729 1582
2730 503
2731 1810
2732 1320
2733 795
2734 909
2735 5915
2736 7498
2737 2321
2738 4211
2739 9556
2740 5900
2741 3463
2742 1313
2743 6298
2744 17
2745 6804
2746 7623
2747 4824
2748 5811
2749 3186
2750 8592
2751 9309
2752 4880
2753 8327
2754 8328
2755 3380
2756 5310
2757 3903
2758 3381
2759 5889
2760 1359
2761 5894
2762 6107
2763 1532
2764 3250
2765 19
2766 5833
2767 9284
2768 3909
2769 6361
2770 396
2771 3609
2772 3903
2773 6464
2774 4207
2775 5329
2776 1640
2777 7798
2778 7313
2779 6864
2780 3405
2781 3790
2782 9296
2783 4003
2784 760
2785 557
2786 3989
2787 1649
2788 679
2789 356
2790 3417
2791 559
2792 7463
2793 886
2794 2944
2795 3417
2796 1462
2797 2243
2798 391
2799 4972
2800 251
2801 3302
2802 3312
2803 8227
2804 7215
2805 8834
2806 3657
2807 8032
2808 3307
2809 3654
2810 6091
2811 3316
2812 5993
2813 3716
2814 8841
2815 6960
2816 6165
2817 6667
2818 2443
2819 3773
2820 8841
2821 3524
2822 8592
2823 8229
2824 9302
2825 1424
2826 3685
2827 5311
2828 8835
2829 8090
2830 853
2831 7715
2832 535
2833 2191
2834 7504
2835 2709
2836 544
2837 1624
2838 3799
2839 7521
2840 5435
2841 5984
2842 5932
2843 6703
2844 4802
2845 1759
2846 5847
2847 3847
2848 3409
2849 1429
2850 8677
2851 8467
2852 3044
2853 4151
2854 9205
2855 3982
2856 1424
2857 1592
2858 6703
2859 5706
2860 5914
2861 5923
2862 1303
2863 5961
2864 4995
2865 194
2866 2864
2867 5630
2868 1319
2869 5356
2870 4147
2871 3309
2872 8919
2873 1644
2874 1533
2875 2977
2876 9130
2877 3313
2878 4147
2879 1318
2880 4938
2881 9305
2882 1502
2883 3413
2884 3482
2885 8592
2886 5655
2887 7924
2888 5366
2889 9256
2890 7504
2891 5945
2892 1715
2893 2965
2894 5946
2895 5911
2896 8897
2897 6127
2898 1268
2899 3308
2900 2090
2901 2344
2902 5409
2903 7097
2904 6752
2905 8137
2906 1485
2907 6025
2908 4279
2909 5417
2910 1278
2911 2845
2912 9398
2913 3670
2914 5799
2915 1497
2916 1483
2917 2540
2918 4011
2919 6554
2920 6702
2921 6703
2922 3498
2923 4342
2924 4343
2925 5103
2926 2575
2927 593
2928 7329
2929 1631
2930 3520
2931 8638
2932 204
2933 7674
2934 7099
2935 5464
2936 5348
2937 6188
2938 3696
2939 7107
2940 3314
2941 3975
2942 6822
2943 3540
2944 7109
2945 9143
2946 4352
2947 1744
2948 1722
2949 8388
2950 5464
2951 8189
2952 2268
2953 5469
2954 5724
2955 7166
2956 5495
2957 7193
2958 5498
2959 3590
2960 3585
2961 1738
2962 3595
2963 3607
2964 7195
2965 3587
2966 5325
2967 7205
2968 7207
2969 8897
2970 6071
2971 2744
2972 9179
2973 7907
2974 7672
2975 7649
2976 2741
2977 6375
2978 2894
2979 7670
2980 4472
2981 2023
2982 679
2983 843
2984 3086
2985 863
2986 3501
2987 1482
2988 150
2989 6360
2990 1223
2991 761
2992 4716
2993 2311
2994 2110
2995 5505
2996 7910
2997 6457
2998 92
2999 3039
3000 1226
3001 2098
3002 7403
3003 3230
3004 6128
3005 1273
3006 7883
3007 5810
3008 5785
3009 6457
3010 5978
3011 7907
3012 265
3013 8504
3014 7520
3015 176
3016 7520
3017 38
3018 4780
3019 1225
3020 809
3021 4483
3022 1877
3023 5900
3024 559
3025 5778
3026 4711
3027 398
3028 2251
3029 1287
3030 4913
3031 7505
3032 3628
3033 4529
3034 5785
3035 7528
3036 9265
3037 4964
3038 7449
3039 1219
3040 764
3041 2101
3042 9359
3043 8690
3044 2199
3045 7925
3046 34
3047 7386
3048 7014
3049 4652
3050 4799
3051 5645
3052 9298
3053 1317
3054 6900
3055 8678
3056 7448
3057 5630
3058 9331
3059 9399
3060 9128
3061 9551
3062 774
3063 4856
3064 3822
3065 8002
3066 693
3067 9302
3068 9275
3069 5908
3070 4078
3071 8592
3072 4610
3073 2699
3074 2700
3075 7548
3076 8807
3077 8056
3078 3308
3079 5648
3080 876
3081 9054
3082 1404
3083 7658
3084 1877
3085 214
3086 2311
3087 4207
3088 1441
3089 96
3090 674
3091 2361
3092 265
3093 7558
3094 3396
3095 4913
3096 3994
3097 4821
3098 2100
3099 1987
3100 8789
3101 1787
3102 2566
3103 8817
3104 7463
3105 1303
3106 838
3107 3477
3108 3682
3109 4044
3110 1473
3111 4004
3112 5872
3113 1335
3114 8734
3115 1124
3116 8906
3117 8789
3118 1448
3119 7653
3120 3724
3121 7814
3122 4147
3123 2968
3124 2966
3125 1319
3126 1322
3127 914
3128 6954
3129 1644
3130 1265
3131 9083
3132 3682
3133 7563
3134 8233
3135 7303
3136 4264
3137 5799
3138 3774
3139 7972
3140 7971
3141 8139
3142 3350
3143 1318
3144 1599
3145 7842
3146 3821
3147 3822
3148 7468
3149 3259
3150 8215
3151 5799
3152 3299
3153 3764
3154 4394
3155 4222
3156 1253
3157 2169
3158 1448
3159 2111
3160 1987
3161 343
3162 202
3163 1462
3164 3655
3165 2114
3166 8018
3167 3773
3168 1733
3169 1264
3170 5850
3171 4676
3172 4168
3173 3669
3174 3670
3175 6382
3176 7850
3177 1278
3178 3313
3179 5850
3180 2808
3181 1497
3182 1498
3183 3796
3184 3425
3185 5001
3186 1507
3187 286
3188 1735
3189 3485
3190 5654
3191 3695
3192 3932
3193 3333
3194 5799
3195 2656
3196 1364
3197 6186
3198 8657
3199 8768
3200 8768
3201 2998
3202 7614
3203 5079
3204 3695
3205 2452
3206 4479
3207 8701
3208 1583
3209 5567
3210 3695
3211 3782
3212 3791
3213 3680
3214 3711
3215 7453
3216 2187
3217 923
3218 1684
3219 4011
3220 2936
3221 3852
3222 7628
3223 5650
3224 3857
3225 5688
3226 3491
3227 3491
3228 3776
3229 5691
3230 7118
3231 3498
3232 7140
3233 3535
3234 1695
3235 9345
3236 1696
3237 1698
3238 1705
3239 3922
3240 8068
3241 3563
3242 3926
3243 5500
3244 3584
3245 1755
3246 5711
3247 3596
3248 1757
3249 2003
3250 3598
3251 5731
3252 3607
3253 3606
3254 2539
3255 771
3256 7744
3257 3981
3258 7501
3259 202
3260 3756
3261 1787
3262 3386
3263 838
3264 4363
3265 4011
3266 7643
3267 3647
3268 7951
3269 6367
3270 5646
3271 861
3272 7847
3273 3276
3274 7854
3275 3301
3276 1810
3277 7431
3278 2032
3279 694
3280 3120
3281 3283
3282 3287
3283 2546
3284 7850
3285 1311
3286 4023
3287 155
3288 1215
3289 158
3290 132
3291 7668
3292 4389
3293 6176
3294 1028
3295 5370
3296 9557
3297 8216
3298 8707
3299 8385
3300 3018
3301 110
3302 6331
3303 6519
3304 6115
3305 6583
3306 6849
3307 1285
3308 8045
3309 2014
3310 1318
3311 1068
3312 7253
3313 2017
3314 6909
3315 5092
3316 2311
3317 7850
3318 123
3319 6460
3320 1257
3321 3575
3322 1822
3323 9347
3324 6011
3325 7051
3326 9331
3327 7396
3328 3844
3329 4048
3330 1983
3331 242
3332 9128
3333 179
3334 3042
3335 5857
3336 407
3337 2323
3338 7792
3339 998
3340 175
3341 145
3342 7497
3343 2414
3344 6167
3345 1206
3346 8793
3347 3250
3348 1497
3349 9100
3350 108
3351 69
3352 407
3353 3251
3354 1911
3355 4238
3356 4180
3357 4023
3358 3656
3359 5572
3360 5585
3361 183
3362 4187
3363 5498
3364 207
3365 1923
3366 395
3367 9126
3368 592
3369 8946
3370 6169
3371 900
3372 774
3373 3791
3374 4286
3375 8904
3376 5767
3377 5767
3378 3994
3379 3986
3380 4141
3381 2544
3383 2731
3384 4367
3385 6082
3386 1219
3387 6369
3388 7846
3389 8702
3390 780
3391 396
3392 8789
3393 7664
3394 2325
3395 3752
3396 1839
3397 6331
3398 4509
3399 2222
3400 723
3401 2594
3402 286
3403 282
3404 3571
3405 3069
3406 9141
3407 306
3408 307
3409 6084
3410 2886
3411 5068
3412 4373
3413 5770
3414 3785
3415 543
3416 7498
3417 2031
3418 6739
3419 2402
3420 9185
3421 4268
3422 5196
3423 5197
3424 1897
3425 4898
3426 9131
3427 873
3428 4446
3429 4187
3430 2430
3431 5154
3432 2073
3433 9195
3434 6495
3435 3730
3436 1382
3437 5991
3438 4089
3439 8074
3440 1111
3441 5196
3442 5197
3443 4216
3444 3986
3445 3373
3446 7501
3447 5828
3448 5070
3449 4359
3450 4666
3451 6188
3452 6419
3453 6370
3454 2111
3455 2689
3456 2003
3457 7476
3458 3357
3459 2114
3460 1832
3461 6379
3462 1842
3463 1324
3464 2019
3465 2020
3466 1891
3467 6084
3468 2114
3469 9191
3470 8655
3471 7775
3472 2124
3473 3690
3474 2042
3475 9100
3476 5985
3477 1894
3478 1215
3479 5196
3480 5197
3481 8684
3482 2612
3483 1880
3484 2406
3485 4072
3486 2062
3487 2063
3488 5444
3489 2628
3490 2153
3491 495
3492 395
3493 6195
3494 6086
3495 7910
3496 3231
3497 7703
3498 5992
3499 1733
3500 7971
3501 7766
3502 3738
3503 9475
3504 6900
3505 2126
3506 1428
3507 1894
3508 4680
3509 8773
3510 1591
3511 5444
3512 7534
3513 5093
3514 2153
3515 4222
3516 2172
3517 1057
3518 4571
3519 4913
3520 4233
3521 7787
3522 6625
3523 2179
3524 6912
3525 2875
3526 2592
3527 4060
3528 4233
3529 4172
3530 6082
3531 2171
3532 2757
3533 2221
3534 4924
3535 7174
3536 7149
3537 8366
3538 6169
3539 4522
3540 1733
3541 2264
3542 2221
3543 7408
3544 2286
3545 2297
3546 652
3547 9176
3548 8505
3549 2289
3550 2276
3551 2275
3552 2296
3553 840
3554 2327
3555 7646
3556 1428
3557 3981
3558 3791
3559 8637
3560 3756
3561 2435
3562 7865
3563 4221
3564 1015
3565 185
3566 2645
3567 9217
3568 8559
3569 2836
3570 8152
3571 2729
3572 2700
3573 4398
3574 7505
3575 8152
3576 7702
3577 1190
3578 6391
3579 8789
3580 9217
3581 1194
3582 6148
3583 8773
3584 8441
3585 7775
3586 4907
3587 485
3588 7070
3589 7563
3590 1948
3591 5315
3592 8617
3593 7383
3594 2860
3595 4460
3596 5909
3597 3403
3598 7432
3599 7808
3600 7814
3601 2414
3602 1293
3603 2894
3604 7933
3605 3283
3606 1564
3607 8773
3608 4000
3609 1313
3610 6375
3611 7845
3612 7846
3613 7775
3614 7660
3615 9403
3616 5826
3617 2419
3618 2432
3619 5603
3620 6657
3621 8823
3622 639
3623 4953
3624 5362
3625 8617
3626 5486
3627 5352
3628 7522
3629 3239
3630 7123
3631 6278
3632 1612
3633 3107
3634 9153
3635 8799
3636 1827
3637 6130
3638 2545
3639 2650
3640 9052
3641 7945
3642 90
3643 3376
3644 2892
3645 1813
3646 207
3647 3084
3648 4748
3649 1257
3650 1779
3651 6274
3652 515
3653 4538
3654 4797
3655 7633
3656 125
3657 5337
3658 7497
3659 760
3660 2486
3661 7307
3662 6492
3663 1145
3664 6348
3665 6349
3666 6526
3667 1295
3668 5198
3669 4970
3670 247
3671 2383
3672 482
3673 2101
3674 7933
3675 6294
3676 5130
3677 6455
3678 2549
3679 2542
3680 7306
3681 6452
3682 5373
3683 3768
3684 4194
3685 8385
3686 132
3687 5067
3688 4753
3689 4755
3690 7456
3691 2838
3692 8789
3693 8902
3694 6552
3695 4764
3696 9498
3697 2632
3698 2118
3699 4602
3700 3556
3701 4420
3702 7347
3703 774
3704 8835
3705 7832
3706 8351
3707 6286
3708 5779
3709 4400
3710 2851
3711 483
3712 9180
3713 1912
3714 7522
3715 4524
3716 5625
3717 6042
3718 1989
3719 1988
3720 1854
3721 155
3722 4602
3723 7432
3724 7292
3725 4794
3726 8227
3727 4330
3728 1810
3729 5400
3730 6518
3731 7820
3732 9397
3733 6390
3734 7846
3735 4755
3736 4786
3737 7505
3738 6286
3739 9392
3740 3292
3741 4602
3742 7120
3743 5760
3744 2440
3745 4011
3746 3368
3747 7358
3748 7359
3749 5657
3750 4820
3751 7686
3752 8776
3753 8009
3754 4473
3755 4477
3756 1478
3757 4475
3758 7630
3759 6755
3760 2241
3761 2642
3762 4577
3763 3315
3764 4765
3765 9278
3766 5546
3767 3357
3768 2760
3769 901
3770 4761
3771 1354
3772 2819
3773 4765
3774 2591
3775 4419
3776 1673
3777 8503
3778 4883
3779 1029
3780 8977
3781 8750
3782 2410
3783 8484
3784 7357
3785 2656
3786 8726
3787 4602
3788 901
3789 3657
3790 4774
3791 6025
3792 4407
3793 7849
3794 8124
3795 4755
3796 402
3797 4268
3798 4956
3799 6744
3800 8703
3801 8786
3802 7950
3803 4855
3804 5997
3805 4866
3806 6718
3807 6552
3808 2595
3809 6322
3810 4944
3811 4421
3812 4870
3813 7860
3814 432
3815 3455
3816 8064
3817 2384
3818 6069
3819 6727
3820 6576
3821 2194
3822 9370
3823 6402
3824 8768
3825 5992
3826 8815
3827 4980
3828 2187
3829 3918
3830 4954
3831 6565
3832 4938
3833 6755
3834 6663
3835 6311
3836 4949
3837 6569
3838 4645
3839 8078
3840 6634
3841 2359
3842 2726
3843 4997
3844 6464
3845 4982
3846 4585
3847 6772
3848 4943
3849 4585
3850 4984
3851 4404
3852 2810
3853 6602
3854 8026
3855 4937
3856 6663
3857 4680
3858 8955
3859 5024
3860 5029
3861 2860
3862 3226
3863 5051
3864 5053
3865 5058
3866 1520
3867 4990
3868 7646
3869 6456
3870 3004
3871 1320
3872 7646
3873 1380
3874 4559
3875 6078
3876 4367
3877 2641
3878 2542
3879 1217
3880 2721
3881 3317
3882 6873
3883 8983
3884 6227
3885 1217
3886 8533
3887 7644
3888 2648
3889 1664
3890 6134
3891 9392
3892 7623
3893 6037
3894 6134
3895 2434
3896 4992
3897 8000
3898 7758
3899 5892
3900 7226
3901 5865
3902 840
3903 7071
3904 8617
3905 9482
3906 2391
3907 2615
3908 3529
3909 6351
3910 6094
3911 9430
3912 5642
3913 598
3914 207
3915 7792
3916 3408
3917 672
3918 7426
3919 4791
3920 755
3921 5175
3922 8355
3923 7257
3924 3274
3925 6182
3926 3376
3927 5800
3928 1810
3929 2576
3930 8948
3931 3292
3932 3366
3933 760
3934 6014
3935 3862
3936 256
3937 845
3938 5315
3939 8138
3940 7139
3941 7158
3942 7814
3943 6268
3944 4422
3945 7307
3946 68
3947 3293
3948 6348
3949 6349
3950 4813
3951 7654
3952 4826
3953 7867
3954 2713
3955 6084
3956 5991
3957 4912
3958 3082
3959 2699
3960 5824
3961 2773
3962 2542
3963 4909
3964 6718
3965 8549
3966 4096
3967 8869
3968 5356
3969 4881
3970 4860
3971 1050
3972 8476
3973 4214
3974 4862
3975 7483
3976 8689
3977 6365
3978 4937
3979 6708
3980 8783
3982 9204
3983 4851
3984 474
3985 4033
3986 7272
3987 8559
3988 9338
3989 184
3990 8227
3991 7250
3992 7311
3993 2489
3994 4276
3995 4774
3996 7851
3997 4909
3998 4400
3999 7778
4000 7773
4001 4646
4002 761
4003 3392
4004 6548
4005 1972
4006 1972
4007 4786
4008 6227
4009 7307
4010 2944
4011 207
4012 4391
4013 2261
4014 9423
4015 6084
4016 6665
4017 4720
4018 3386
4019 2545
4020 175
4021 191
4022 1815
4023 7497
4024 7819
4025 7820
4026 2927
4027 764
4028 9154
4029 6006
4030 6089
4031 3409
4032 6738
4033 6383
4034 4538
4035 6526
4036 6404
4037 6162
4038 7652
4039 8389
4040 4363
4041 6942
4042 7388
4043 5079
4044 1689
4045 6212
4046 620
4047 4860
4048 4878
4049 4883
4050 7917
4051 1059
4052 8882
4053 1060
4054 5826
4055 5067
4056 6708
4057 9273
4058 552
4059 4764
4060 6708
4061 7773
4062 7775
4063 1314
4064 8450
4065 7659
4066 6200
4067 7773
4068 5604
4069 1192
4070 6552
4071 2819
4072 1989
4073 1988
4074 578
4075 4786
4076 2035
4077 6729
4078 4991
4079 207
4080 9429
4081 8709
4082 6729
4083 7563
4084 2678
4085 7128
4086 5567
4087 1657
4088 4950
4089 7934
4090 3550
4091 7258
4092 8138
4093 6627
4094 6348
4095 4509
4096 191
4097 6630
4098 2020
4099 4649
4100 6390
4101 4658
4102 4363
4103 2837
4104 4851
4105 6692
4106 3338
4107 7981
4108 8978
4109 3310
4110 1655
4111 3123
4112 2402
4113 2807
4114 6200
4115 4991
4116 2807
4117 6200
4118 4884
4119 4354
4120 4943
4121 3669
4122 4420
4123 5100
4124 4505
4125 1179
4126 1989
4127 1988
4128 5100
4129 1005
4130 8135
4131 6645
4132 6794
4133 8745
4134 6383
4135 2664
4136 566
4137 6819
4138 8171
4139 3663
4140 7980
4141 8134
4142 6465
4143 599
4144 6854
4145 7333
4146 6444
4147 6445
4148 8190
4149 8120
4150 8068
4151 8171
4152 6820
4153 6822
4154 8195
4155 8194
4156 8196
4157 8197
4158 4703
4159 9273
4160 6854
4161 7897
4162 3193
4163 8191
4164 8105
4165 3590
4166 1176
4167 1089
4168 8208
4169 1176
4170 3202
4171 2270
4172 6880
4173 5271
4174 6891
4175 5637
4176 2645
4177 5140
4178 6283
4179 589
4180 2713
4181 4783
4182 2699
4183 3844
4184 594
4185 6203
4186 1394
4187 5152
4188 1890
4189 1300
4190 3294
4191 1428
4192 999
4193 875
4194 13
4195 3375
4196 5091
4197 1192
4198 7945
4199 1580
4200 2941
4201 3044
4202 677
4203 8734
4204 5418
4205 8596
4206 118
4207 781
4208 1803
4209 2950
4210 5078
4211 5356
4212 3468
4213 4068
4214 3021
4215 4354
4216 3088
4217 9314
4218 5143
4219 287
4220 9425
4221 1893
4222 7707
4223 2950
4224 3482
4225 1476
4226 3482
4227 6688
4228 3048
4229 5161
4230 784
4231 840
4232 3317
4233 2962
4234 4877
4235 7250
4236 3230
4237 2167
4238 1111
4239 984
4240 8897
4241 4363
4242 2813
4243 1715
4244 1101
4245 568
4246 6191
4247 1101
4248 588
4249 2817
4250 2816
4251 6011
4252 3028
4253 1111
4254 5073
4255 5152
4256 2554
4257 8137
4258 5844
4259 2927
4260 2435
4261 4898
4262 2907
4263 3107
4264 2853
4265 5578
4266 6589
4267 841
4268 743
4269 7115
4270 5336
4271 962
4272 1608
4273 3310
4274 503
4275 2844
4276 8318
4277 3228
4278 6177
4279 4874
4280 348
4281 348
4282 1040
4283 431
4284 3004
4285 8038
4286 843
4287 6536
4288 1097
4289 3164
4290 1160
4291 3197
4292 3901
4293 622
4294 5141
4295 3401
4296 724
4297 2274
4298 3602
4299 6915
4300 6927
4301 6927
4302 8707
4303 5121
4304 1134
4305 5266
4306 2874
4307 3134
4308 6921
4309 807
4310 3119
4311 196
4312 195
4313 3136
4314 420
4315 5157
4316 3291
4317 6915
4318 3129
4319 6915
4320 4623
4321 6919
4322 5159
4323 566
4324 3164
4325 9093
4326 5121
4327 3198
4328 1134
4329 2874
4330 5266
4331 1174
4332 3582
4333 7015
4334 5117
4335 7597
4336 9129
4337 1522
4338 5998
4339 3128
4340 1134
4341 5266
4342 8314
4343 1074
4344 6929
4345 8415
4346 3715
4347 6931
4348 6980
4349 6979
4350 5060
4351 1172
4352 7567
4353 3164
4354 2888
4355 1173
4356 4804
4357 8307
4358 3203
4359 8245
4360 5252
4361 8172
4362 6962
4363 7022
4364 8250
4365 6964
4366 7023
4367 7058
4368 8253
4369 5247
4370 6993
4371 3601
4372 8259
4373 8263
4374 6978
4375 9372
4376 3008
4377 1178
4378 2884
4379 663
4380 1173
4381 3665
4382 8336
4383 8335
4384 8308
4385 7054
4386 9177
4387 6962
4388 6962
4389 7057
4390 1267
4391 7024
4392 7067
4393 3211
4394 8335
4395 8339
4396 8338
4397 7068
4398 4125
4399 3737
4400 3900
4401 7615
4402 2886
4403 5837
4404 8268
4405 5661
4406 2886
4407 2155
4408 5900
4409 711
4410 773
4411 1400
4412 7437
4413 8529
4414 5672
4415 3908
4416 3853
4417 5579
4418 7350
4419 4851
4420 2932
4421 185
4422 3790
4423 7798
4424 191
4425 2932
4426 416
4427 7378
4428 4479
4429 4357
4430 9475
4431 1428
4432 2930
4433 2470
4434 4310
4435 4660
4436 9256
4437 8494
4438 5653
4439 559
4440 5200
4441 5342
4442 2998
4443 3488
4444 3186
4445 7628
4446 3655
4447 9339
4448 3432
4449 1164
4450 5911
4451 4992
4452 2650
4453 3852
4454 5321
4455 4992
4456 1487
4457 5780
4458 1484
4459 3307
4460 1320
4461 1157
4462 6087
4463 4225
4464 4469
4465 5342
4466 8528
4467 8598
4468 8703
4469 7623
4470 6667
4471 6873
4472 5342
4473 3231
4474 8592
4475 9309
4476 5340
4477 1993
4478 3524
4479 4426
4480 5310
4481 7844
4482 3900
4483 3936
4484 3937
4485 7615
4486 1527
4487 849
4488 3520
4489 5394
4490 1632
4491 5376
4492 5673
4493 7388
4494 6213
4495 6702
4496 3944
4497 6070
4498 1426
4499 1430
4500 3941
4501 1640
4502 5409
4503 7403
4504 5847
4505 5337
4506 8137
4507 812
4508 1268
4509 1090
4510 7774
4511 3044
4512 5995
4513 9339
4514 8625
4515 3332
4516 3242
4517 4235
4518 7319
4519 3488
4520 3529
4521 8032
4522 4279
4523 7475
4524 9263
4525 8595
4526 1319
4527 4962
4528 3309
4529 2329
4530 7236
4531 3650
4532 6602
4533 5336
4534 9368
4535 7613
4536 3413
4537 3457
4538 9295
4539 5659
4540 1503
4541 7924
4542 7269
4543 5702
4544 7086
4545 5758
4546 3519
4547 3521
4548 5934
4549 3866
4550 3610
4551 3308
4552 8013
4553 8507
4554 5436
4555 2344
4556 5094
4557 2372
4558 713
4559 4151
4560 8222
4561 6138
4562 7570
4563 7579
4564 5598
4565 7483
4566 8583
4567 2042
4568 4354
4569 4606
4570 6186
4571 5477
4572 5421
4573 4147
4574 3309
4575 7140
4576 7613
4577 8097
4578 3309
4579 7109
4580 3867
4581 8592
4582 7269
4583 5368
4584 5456
4585 3520
4586 7141
4587 5262
4588 3552
4589 2747
4590 7380
4591 7124
4592 7109
4593 1744
4594 8189
4595 7142
4596 7169
4597 7142
4598 4172
4599 7196
4600 7142
4601 7143
4602 6450
4603 7288
4604 7145
4605 8583
4606 1172
4607 1763
4608 3971
4609 8404
4610 8388
4611 7167
4612 7193
4613 9162
4614 8390
4615 8404
4616 9192
4617 7205
4618 4798
4619 4799
4620 7428
4621 1625
4622 8498
4623 1249
4624 5322
4625 7657
4626 3250
4627 8572
4628 5780
4629 1429
4630 4394
4631 3936
4632 5630
4633 5216
4634 3157
4635 7306
4636 1267
4637 628
4638 7553
4639 6752
4640 7898
4642 9467
4643 5896
4644 4472
4645 1428
4646 9296
4647 679
4648 7215
4649 5502
4650 2836
4651 7403
4652 5987
4653 2333
4654 5785
4655 5365
4656 3654
4657 2329
4658 2137
4659 3302
4660 3302
4661 2166
4662 764
4663 2379
4664 2318
4665 202
4666 5828
4667 8039
4668 4716
4669 6954
4670 3032
4671 8596
4672 3302
4673 6828
4674 9345
4675 5793
4676 1319
4677 5634
4678 8703
4679 8540
4680 8541
4681 5594
4682 3684
4683 3685
4684 5681
4685 5793
4686 5713
4687 5352
4688 940
4689 9130
4690 9398
4691 8002
4693 3085
4694 5681
4695 3791
4696 3685
4697 7814
4698 8524
4699 7219
4700 5702
4701 4798
4702 4799
4703 3378
4704 5645
4705 7226
4706 1307
4707 4268
4708 3866
4709 4726
4710 1812
4711 6465
4712 2311
4713 1285
4714 7439
4715 8295
4716 9217
4717 5904
4718 7576
4719 2329
4720 6087
4721 7992
4722 8812
4723 3422
4724 7925
4725 9176
4726 6644
4727 1278
4728 5634
4729 1985
4730 7334
4731 6644
4732 3320
4733 8703
4734 3320
4735 7965
4736 5366
4737 8592
4738 5659
4739 306
4740 7606
4741 7604
4742 7605
4743 4192
4744 5933
4745 2886
4746 7614
4747 8618
4748 3997
4749 5978
4750 5645
4751 4479
4752 2998
4753 5646
4754 5583
4755 5839
4756 3791
4757 5593
4758 7255
4759 6499
4760 3321
4761 3669
4762 3670
4763 3791
4764 5593
4765 4955
4766 5799
4767 5935
4768 3669
4769 3670
4770 7232
4771 8142
4772 7102
4773 1110
4774 1111
4775 7628
4776 5464
4777 5650
4778 6082
4779 7231
4780 8417
4781 5691
4782 8576
4783 3776
4784 3491
4785 7080
4786 7622
4787 5598
4788 3563
4789 9320
4790 4764
4791 5695
4792 9499
4793 7166
4794 5498
4795 3585
4796 3573
4797 5959
4798 5519
4799 7297
4800 5545
4801 4508
4802 6349
4803 5321
4804 5899
4805 4141
4806 6075
4807 490
4808 5710
4809 4373
4810 8388
4811 7439
4812 1778
4813 2023
4814 5707
4815 1287
4816 1320
4817 8639
4818 1797
4819 5780
4820 1439
4821 3610
4822 281
4823 6073
4824 2361
4825 1161
4826 3032
4827 7506
4828 6362
4829 4221
4830 5990
4831 4132
4832 8789
4833 1428
4834 8582
4835 4182
4836 1189
4837 8643
4838 4804
4839 1
4840 194
4841 3405
4842 3682
4843 7463
4844 6081
4845 3377
4846 1488
4847 8789
4848 8880
4849 7998
4850 7279
4851 68
4852 914
4853 1319
4854 5786
4855 1278
4856 7409
4857 9487
4858 1493
4859 7528
4860 8143
4861 3682
4862 3256
4863 8452
4864 5868
4865 1296
4866 4652
4867 4509
4868 5571
4869 6833
4870 6100
4871 9339
4872 5800
4873 7823
4874 8139
4875 286
4876 7842
4877 3950
4878 4769
4879 7063
4880 5593
4881 6351
4882 5868
4883 3712
4884 3670
4885 5364
4886 5470
4887 5815
4888 1691
4889 4242
4890 6911
4891 7548
4892 2097
4893 2662
4894 5648
4895 7765
4896 7766
4897 1700
4898 5768
4899 9318
4900 6082
4901 2451
4902 2973
4903 4222
4904 2100
4905 1253
4906 3644
4907 965
4908 3655
4909 8853
4910 6272
4911 6161
4912 8040
4913 7614
4914 9330
4915 3775
4916 3774
4917 7396
4918 5852
4919 3669
4920 3670
4921 7860
4922 5299
4923 3680
4924 6832
4925 9100
4926 5868
4927 3669
4928 3688
4929 3695
4930 3812
4931 1594
4932 3321
4933 1229
4934 2379
4935 540
4936 8613
4937 9311
4938 965
4939 3782
4940 4871
4941 3680
4942 3795
4943 3796
4944 7118
4945 2021
4946 7304
4947 7453
4948 1842
4949 6097
4950 3856
4951 5776
4952 7344
4953 5596
4954 3491
4955 3871
4956 5795
4957 3943
4958 9331
4959 5905
4960 9345
4961 3915
4962 7467
4963 440
4964 3922
4965 5691
4966 3926
4967 1880
4968 6314
4969 3942
4970 3535
4971 8628
4972 3942
4973 3964
4974 8505
4975 3966
4976 5731
4977 4358
4978 7951
4979 6217
4980 4046
4981 1999
4982 3845
4983 1787
4984 7646
4985 4141
4986 5930
4987 3647
4988 4224
4989 8822
4990 1478
4991 2112
4992 4478
4993 3301
4994 8440
4995 3307
4996 4224
4997 5974
4998 1057
4999 3287
5000 1832
5002 1842
5003 8903
5004 8151
5005 3018
5006 9128
5007 1839
5008 2636
5009 1539
5010 6202
5011 3018
5012 395
5013 2373
5014 3287
5015 9191
5016 7723
5017 1863
5018 2556
5019 5770
5020 3085
5021 4720
5022 6739
5023 2402
5024 5465
5025 4419
5026 7897
5027 7596
5028 3036
5029 9203
5030 5196
5031 5197
5032 1226
5033 9133
5034 9175
5035 4898
5036 2840
5037 3791
5038 3579
5039 1880
5040 870
5041 407
5042 1917
5043 9022
5044 207
5045 1923
5046 838
5047 8310
5048 5141
5049 6495
5050 2073
5051 2886
5052 6169
5053 1972
5054 5546
5055 2544
5056 6214
5057 4481
5058 4920
5059 5979
5060 6537
5061 831
5062 7070
5063 5992
5064 3797
5065 6082
5066 7166
5067 2003
5068 5073
5069 7852
5070 6199
5071 2124
5072 2019
5073 2020
5074 1730
5075 4063
5076 7718
5077 4056
5078 8772
5079 9432
5080 1894
5081 2612
5082 2614
5083 9318
5084 2406
5085 4072
5086 4073
5087 1749
5088 4079
5089 7534
5090 103
5091 1397
5092 251
5093 42
5094 7659
5095 4156
5096 9328
5097 4089
5098 4870
5099 4368
5100 3674
5101 5546
5102 7910
5103 1402
5104 1314
5105 8815
5106 1331
5107 1179
5108 7849
5109 2116
5110 4337
5111 4153
5112 2126
5113 1428
5114 2667
5115 7624
5116 7625
5117 4222
5118 771
5119 4223
5120 465
5121 4164
5122 6169
5123 2146
5124 6253
5125 6097
5126 2184
5127 2131
5128 2051
5129 4059
5130 4060
5131 4172
5132 4522
5133 6745
5134 4226
5135 4232
5136 7969
5137 8062
5138 2234
5139 6169
5140 4680
5141 4299
5142 3685
5143 7618
5144 2246
5145 4314
5146 2225
5147 5868
5148 2233
5149 2234
5150 4322
5151 6149
5152 4347
5153 3669
5154 8206
5155 6432
5156 8505
5157 4336
5158 4324
5159 6688
5160 7797
5161 4481
5162 8786
5163 2544
5164 6214
5165 8783
5166 6639
5167 7630
5168 4840
5169 3082
5170 3768
5171 1654
5172 2526
5173 8152
5174 3483
5175 4005
5176 8385
5177 4505
5178 6225
5179 8244
5180 4765
5181 3357
5182 4505
5183 7933
5184 6496
5185 5677
5186 9318
5187 4419
5188 330
5189 4765
5190 1987
5191 9208
5192 8464
5193 7849
5194 8617
5195 8433
5196 7921
5197 4431
5198 5378
5199 2058
5200 7969
5201 7972
5202 6287
5203 8540
5204 8541
5205 9318
5206 9209
5207 6694
5208 8125
5209 3315
5210 6708
5211 7370
5212 8734
5213 7089
5214 219
5215 5434
5216 4755
5217 1813
5218 1653
5219 2127
5220 761
5221 5574
5222 3100
5223 1994
5224 4810
5225 8703
5226 4087
5227 9235
5228 8014
5229 7910
5230 8815
5231 5363
5232 5363
5233 8042
5234 2731
5235 185
5236 8416
5237 9122
5238 3357
5239 8733
5240 4768
5241 9278
5242 1029
5243 6490
5244 7399
5245 4761
5246 9217
5247 4747
5248 6247
5249 3705
5250 6568
5251 9392
5252 1056
5253 6797
5254 4207
5255 4447
5256 3537
5257 4398
5258 4788
5259 4892
5260 6744
5261 6455
5262 4475
5263 5567
5264 6551
5265 2184
5266 8229
5267 4583
5268 9012
5269 6565
5270 2894
5271 4778
5272 1212
5273 4541
5274 8540
5275 8541
5276 2555
5277 8815
5278 4858
5279 6551
5280 6564
5281 6550
5282 2805
5283 4585
5284 6563
5285 6564
5286 974
5287 4513
5288 6491
5289 7673
5290 6565
5291 4879
5292 5827
5293 6567
5294 6569
5295 6547
5296 7919
5297 6641
5298 8836
5299 4290
5300 6554
5301 2359
5302 6631
5303 6640
5304 6641
5305 8836
5306 6642
5307 7990
5308 6435
5309 6646
5310 6659
5311 6660
5312 7997
5313 6455
5314 7304
5315 6340
5317 4032
5318 9328
5319 8027
5320 6719
5321 8474
5322 8475
5323 8937
5324 3357
5325 4782
5326 3357
5327 4782
5328 9241
5329 9388
5330 7456
5331 4755
5332 3609
5333 4531
5334 4887
5335 9187
5336 1534
5337 2311
5338 9373
5339 4790
5340 9370
5341 7814
5342 8060
5343 5763
5344 6525
5346 6552
5347 7473
5348 6390
5349 8178
5350 4423
5351 9185
5352 8726
5353 8870
5354 4003
5355 4235
5356 4450
5357 5328
5358 6579
5359 1787
5360 2112
5361 4053
5362 2886
5363 3669
5364 5710
5365 9423
5366 6084
5367 4283
5368 8878
5369 7849
5370 5828
5371 7971
5372 8541
5373 7969
5374 7970
5375 1482
5376 8199
5377 4158
5378 6075
5379 5337
5380 6272
5381 8814
5382 4477
5383 4481
5384 5010
5385 4860
5386 5634
5387 8568
5388 6557
5389 4765
5390 9210
5391 7456
5392 44
5393 8689
5394 6719
5395 8146
5396 3710
5397 7940
5398 8793
5399 6478
5400 6785
5401 7563
5402 2811
5403 1829
5404 6618
5405 7083
5406 193
5407 6708
5408 9429
5409 8499
5410 1785
5411 2993
5412 4268
5413 7250
5414 5648
5415 2452
5416 6310
5417 6499
5418 5076
5419 7358
5420 8541
5421 7881
5422 8703
5423 8785
5424 7838
5425 6579
5426 9481
5427 5870
5428 7446
5429 6630
5430 7268
5431 6713
5432 8366
5433 6782
5434 4707
5435 7320
5436 7372
5437 8203
5438 4602
5439 7358
5440 7268
5441 4505
5442 8632
5443 8134
5444 3513
5445 6610
5446 7083
5447 6257
5448 6791
5449 4892
5450 7898
5451 6219
5452 8785
5453 6536
5454 6777
5455 5609
5456 6822
5457 6975
5458 6772
5459 8980
5460 6722
5461 4569
5462 7440
5463 6778
5464 6820
5465 4983
5466 6848
5467 8171
5468 1401
5469 6772
5470 8052
5471 8027
5472 3884
5473 8193
5474 5935
5475 6869
5476 6865
5477 8224
5478 9516
5479 2773
5480 4367
5481 6175
5482 8578
5483 9264
5484 7838
5485 4880
5486 7335
5487 7915
5488 8497
5489 8689
5490 6718
5491 7955
5492 9027
5493 7601
5494 3352
5495 8015
5496 8878
5497 8214
5498 4634
5499 8178
5500 7712
5501 7559
5502 6645
5503 2776
5504 9264
5505 3742
5506 5460
5507 4391
5508 5216
5509 207
5510 4645
5511 8989
5512 16
5513 4710
5514 2213
5515 485
5516 3861
5517 6610
5518 4563
5519 7259
5520 6735
5521 7933
5522 7497
5523 2927
5524 8541
5525 8540
5526 4841
5527 3375
5528 5435
5529 7947
5530 6629
5531 6379
5532 6722
5533 6722
5534 4586
5535 9352
5536 4586
5537 9352
5538 6801
5539 6523
5540 5860
5541 9028
5542 8805
5543 8785
5544 4477
5545 5130
5546 5142
5547 7388
5548 4994
5549 5002
5550 4723
5551 4736
5552 8381
5553 2484
5554 7917
5555 3506
5556 1060
5557 6840
5558 8585
5559 6765
5560 6727
5561 4503
5562 8728
5563 8878
5564 4764
5565 8441
5566 8450
5567 7773
5568 4695
5569 5011
5570 7418
5571 5008
5572 6656
5573 2579
5574 8087
5575 4051
5576 5447
5577 2667
5578 7795
5579 4950
5580 7934
5581 2923
5582 6831
5583 6630
5584 7126
5585 6624
5586 6625
5587 6801
5588 6633
5589 4657
5590 6798
5591 6523
5592 4658
5593 6296
5594 4969
5595 4926
5596 927
5597 7575
5598 4698
5599 8124
5600 3663
5601 8732
5602 3072
5603 3224
5604 5041
5605 2043
5606 9134
5607 9291
5608 7773
5609 6199
5610 6444
5611 6445
5612 8127
5613 7133
5614 1989
5615 1988
5616 5100
5617 2316
5618 2036
5619 8135
5620 8346
5621 8585
5622 7259
5623 6831
5624 6645
5625 8670
5626 7014
5627 6799
5628 4851
5629 6929
5630 8112
5631 8118
5632 3723
5633 7456
5634 8171
5635 3224
5636 6446
5637 6603
5638 6743
5639 9022
5640 7998
5641 5262
5642 5262
5643 9026
5644 7459
5645 9097
5646 8191
5647 9036
5648 8198
5649 8003
5650 9020
5651 8172
5652 6470
5653 8194
5654 9038
5655 8197
5656 6671
5657 6670
5658 4979
5659 6667
5660 9057
5661 9058
5662 8193
5663 2883
5664 8257
5665 4704
5666 6673
5667 3322
5668 8225
5669 8230
5670 3477
5671 1101
5672 580
5673 5147
5674 6199
5675 1109
5676 311
5677 1099
5678 8408
5679 8672
5680 2259
5681 2927
5682 5835
5683 5090
5684 7501
5685 7311
5686 5595
5687 6691
5688 8574
5689 1034
5690 9545
5691 8039
5692 157
5693 5356
5694 4914
5695 3000
5696 3002
5697 6202
5698 4175
5699 4175
5700 3310
5701 1554
5702 3080
5703 2732
5704 7134
5705 9093
5706 5118
5707 1128
5708 3167
5709 3168
5710 1139
5711 3105
5712 4898
5713 6692
5714 598
5715 3132
5716 5136
5717 6927
5718 7873
5719 6918
5720 6691
5721 5180
5722 4924
5723 8294
5724 8315
5725 1010
5726 8234
5727 3129
5728 8233
5729 3129
5730 3130
5731 1526
5732 5598
5733 3802
5734 1349
5735 3428
5736 3310
5737 8249
5738 8761
5739 6854
5740 3193
5741 9093
5742 8242
5743 6956
5744 8235
5745 2291
5746 8239
5747 8240
5748 1001
5749 8245
5750 1152
5751 8249
5752 9104
5753 2381
5754 1433
5755 619
5756 5998
5757 2283
5758 3917
5759 1134
5760 5211
5761 8289
5762 8315
5763 8313
5764 6947
5765 5241
5766 6931
5767 8270
5768 8271
5769 5060
5770 1178
5771 1763
5772 3215
5773 1172
5774 5289
5775 2888
5776 8378
5777 3751
5778 3209
5779 5252
5780 8172
5781 5262
5782 7031
5783 6962
5784 5271
5785 8285
5786 9529
5787 5274
5788 8260
5789 8263
5790 9014
5791 5494
5792 6333
5793 3227
5794 9104
5795 7054
5796 9177
5797 9159
5798 9109
5799 7942
5800 2309
5801 8340
5802 7026
5803 9110
5804 8288
5805 4534
5806 7068
5807 5548
5808 5701
5809 3520
5810 3551
5811 3554
5812 3555
5813 3520
5814 5661
5815 4589
5816 6702
5817 6703
5818 5439
5819 5380
5820 3551
5821 5685
5822 5911
5823 2023
5824 4605
5825 5704
5826 396
5827 5839
5828 7312
5829 5984
5830 2658
5831 5337
5832 2998
5833 5417
5834 4235
5835 4053
5836 1871
5837 5598
5838 4690
5839 9354
5840 5120
5841 7073
5842 6759
5843 8580
5844 5618
5845 7073
5846 6166
5847 3797
5848 3312
5849 7215
5850 3879
5851 4915
5852 3080
5853 4874
5854 6437
5855 8720
5856 5384
5857 2450
5858 5869
5859 9208
5860 7078
5861 5701
5862 1632
5863 3552
5864 5462
5865 5686
5866 7341
5867 7098
5868 3564
5869 5368
5870 1692
5871 3196
5872 4690
5873 2843
5874 4331
5875 282
5876 5355
5877 8131
5878 1357
5879 8425
5880 515
5881 8429
5882 7613
5883 6025
5884 9333
5885 7109
5886 7560
5887 5740
5888 7924
5889 9208
5890 5428
5891 5305
5892 8387
5893 5701
5894 4675
5895 4273
5896 7358
5897 5492
5898 8219
5899 7083
5900 5911
5901 9237
5902 2419
5903 636
5904 7141
5905 7283
5906 2747
5907 7153
5908 4059
5909 8396
5910 6699
5911 2687
5912 6015
5913 7146
5914 2564
5915 8450
5916 5505
5917 8866
5918 8682
5919 9130
5920 3591
5921 5492
5922 2758
5923 6871
5924 7196
5925 7517
5926 8427
5927 7195
5928 5735
5929 3604
5930 8565
5931 5536
5932 9153
5933 6512
5934 8405
5935 8406
5936 9162
5937 8070
5938 8390
5939 8407
5940 8412
5941 1176
5942 5893
5943 7618
5944 4425
5945 8580
5946 8609
5947 4562
5948 8816
5949 843
5950 6009
5951 7502
5952 3004
5953 3991
5954 1452
5955 7318
5956 7403
5957 5847
5958 7250
5959 3797
5960 5336
5961 9021
5962 6439
5963 6629
5964 9518
5965 7856
5966 3621
5967 5794
5968 9263
5969 4378
5970 255
5971 9210
5972 7766
5973 7765
5974 6599
5975 9255
5976 7338
5977 5615
5978 5865
5979 5605
5980 7383
5981 7384
5982 8532
5983 5944
5984 5945
5985 8595
5986 8595
5987 5449
5988 9265
5989 8539
5990 5617
5991 5904
5992 8878
5993 733
5994 7823
5995 7152
5996 5691
5997 9230
5998 8682
5999 9399
6000 9399
6001 7014
6002 7401
6003 6807
6004 5365
6005 8682
6006 9399
6007 3621
6008 7338
6009 6625
6010 9232
6011 9233
6012 5956
6013 7482
6014 7475
6015 8866
6016 5598
6017 8419
6018 7143
6019 7232
6020 9478
6021 6680
6022 7289
6023 7288
6024 8582
6025 8485
6026 9190
6027 8432
6028 9192
6029 7484
6030 8434
6031 7164
6032 8430
6033 8451
6034 6518
6035 6519
6036 5299
6037 7604
6038 9284
6039 7226
6040 8579
6041 6912
6042 3642
6043 5992
6044 8580
6045 8618
6046 9217
6047 7485
6048 8505
6049 8619
6050 9229
6051 4478
6052 4840
6053 7342
6054 7945
6055 5987
6056 8812
6057 9456
6058 9549
6059 8477
6060 3669
6061 9399
6062 6583
6063 9353
6064 8576
6065 8540
6066 6644
6067 3669
6068 3670
6069 7307
6070 1914
6071 7255
6072 6518
6073 6519
6074 5136
6075 3908
6076 6203
6077 7945
6078 8617
6079 8816
6080 2768
6081 8546
6082 5583
6083 485
6084 2311
6085 5868
6086 7850
6087 2845
6088 6220
6089 9519
6090 6802
6091 3791
6092 7232
6093 9280
6094 7967
6095 5602
6096 3797
6097 5605
6098 3665
6099 2845
6100 7398
6101 7486
6102 8464
6103 6896
6104 54
6105 8467
6106 5695
6107 7266
6108 6711
6109 9328
6110 7462
6111 7258
6112 9302
6113 9558
6114 8626
6115 3317
6116 7276
6117 5730
6118 8493
6119 7255
6120 9316
6121 7766
6122 8099
6123 4222
6124 8449
6125 1987
6126 3609
6127 5435
6128 1229
6129 9353
6130 7908
6131 7578
6132 7614
6133 8666
6134 7615
6135 3775
6136 5868
6137 7358
6138 7315
6139 7992
6140 965
6141 3669
6142 3670
6143 7639
6144 3477
6145 7409
6146 5868
6147 6643
6148 7315
6149 3669
6150 3670
6151 8139
6152 8046
6153 3712
6154 5299
6155 1311
6156 9208
6157 6807
6158 3776
6159 3856
6160 5596
6161 9453
6162 6802
6163 3776
6164 3795
6165 6629
6166 7118
6167 7453
6168 4163
6169 382
6170 7315
6171 3856
6172 9345
6173 9328
6174 8659
6175 3795
6176 5795
6177 9285
6178 9027
6179 8088
6180 3533
6181 7315
6182 7344
6183 7345
6184 5613
6185 7349
6186 8129
6187 6093
6188 8598
6189 1880
6190 5709
6191 7360
6192 7474
6193 7462
6194 5741
6195 8564
6196 3966
6197 7374
6198 8701
6199 8698
6200 3609
6201 8784
6202 5546
6203 7708
6204 7630
6205 7552
6206 7501
6207 6076
6208 8698
6209 4141
6210 2311
6211 6828
6212 5264
6213 7283
6214 2017
6215 6911
6216 9328
6217 4216
6218 3776
6219 3795
6220 7775
6221 4871
6222 8882
6223 5084
6224 4061
6225 4072
6226 7543
6227 7721
6228 3183
6229 3729
6230 5196
6231 4079
6232 8227
6233 1592
6234 1907
6235 3835
6236 5141
6237 7534
6238 3669
6239 3819
6240 7865
6241 4138
6242 8864
6243 3609
6244 1820
6245 4146
6246 5789
6247 7283
6248 7519
6249 2633
6250 4043
6251 9475
6252 9474
6253 9328
6254 6015
6255 2042
6256 5795
6257 5796
6258 5796
6259 7731
6260 4061
6261 6033
6262 8202
6263 4909
6264 7554
6265 4216
6266 4222
6267 5847
6268 8706
6269 2051
6270 5858
6271 4801
6272 9196
6273 5795
6274 4237
6275 6100
6276 6016
6277 9453
6278 3458
6279 4175
6280 3371
6281 6752
6282 2170
6283 3308
6284 6088
6285 7467
6286 6095
6287 7345
6288 7467
6289 9453
6290 3458
6291 5874
6292 5995
6293 4075
6294 1880
6295 4303
6296 7580
6297 4322
6298 7596
6299 9398
6300 6201
6301 7612
6302 8505
6303 6194
6304 7595
6305 8098
6306 7306
6307 5987
6308 7639
6309 5827
6310 4473
6311 5982
6312 6537
6313 5418
6314 843
6315 4920
6316 1997
6317 6657
6318 995
6319 396
6320 7873
6321 4360
6322 6018
6323 5624
6324 5020
6325 2995
6326 183
6327 2285
6328 5517
6329 4828
6330 5621
6331 2398
6332 4003
6333 2629
6334 7134
6335 8947
6336 8540
6337 8541
6338 4372
6339 6288
6340 6289
6341 4079
6342 8387
6343 6713
6344 2628
6345 5685
6346 6390
6347 6537
6348 9122
6349 6244
6350 6243
6351 6245
6352 6752
6353 6731
6354 7926
6355 7856
6356 6253
6357 1820
6358 6255
6359 7989
6360 2184
6361 7673
6362 8617
6363 2592
6364 410
6365 9463
6366 3575
6367 887
6368 4444
6369 4448
6370 6744
6371 4675
6372 6351
6373 4954
6374 3694
6375 4933
6376 4572
6377 6236
6378 6245
6379 6251
6380 9557
6381 8062
6382 6326
6383 4580
6384 6330
6385 6260
6386 2132
6387 2064
6388 6264
6389 6265
6390 9442
6391 6342
6392 4651
6393 6350
6394 6744
6395 4478
6396 6423
6397 7561
6398 6391
6399 6039
6400 4651
6401 8013
6402 6409
6403 6377
6404 8798
6405 4349
6406 7561
6407 7856
6408 1524
6409 7884
6410 6438
6411 8642
6412 3669
6413 6194
6414 7876
6415 9176
6416 6942
6417 6759
6418 6455
6419 4475
6420 1382
6421 8152
6422 4005
6423 8574
6424 9012
6425 7201
6426 2184
6427 9290
6428 7644
6429 7361
6430 9027
6431 7989
6432 8415
6433 5983
6434 9217
6435 3684
6436 9013
6437 6562
6438 7865
6439 9476
6440 6078
6441 8464
6442 8303
6443 9431
6444 6568
6445 5091
6446 7674
6447 8818
6448 8507
6449 7238
6450 8842
6451 4207
6452 6464
6453 7423
6454 7596
6455 3084
6456 9161
6457 5422
6458 3537
6459 1435
6460 8014
6461 8784
6462 4475
6463 1429
6464 6472
6465 1831
6466 6548
6467 6551
6468 7451
6469 2184
6470 8907
6471 4915
6472 6563
6473 6564
6474 7945
6475 7989
6476 4046
6477 224
6478 7224
6479 3298
6480 6576
6481 4473
6482 7916
6483 7917
6484 7920
6485 7919
6486 7921
6487 7930
6488 7931
6489 6561
6490 6562
6491 8487
6492 8535
6493 9069
6494 6615
6495 61
6496 6567
6497 6569
6498 2330
6499 4969
6500 8903
6501 8836
6502 7962
6503 6464
6504 8921
6505 6659
6506 8967
6507 8968
6508 7990
6509 8819
6510 9451
6511 8785
6512 4840
6513 8726
6514 8588
6515 6801
6516 8064
6517 9013
6518 8366
6519 9021
6520 3699
6521 8038
6522 7940
6523 8476
6524 4640
6525 3997
6526 8040
6527 2659
6528 6460
6529 8954
6530 2501
6531 5418
6532 8498
6533 539
6534 7838
6535 8921
6536 5342
6537 8923
6538 8443
6539 6562
6540 8726
6541 6481
6542 8443
6543 9399
6544 9351
6545 7845
6546 5644
6547 5871
6548 5870
6549 7959
6550 2894
6551 8039
6552 4969
6553 6757
6554 8940
6555 8018
6556 9281
6557 9280
6558 6722
6559 7985
6560 7306
6561 8010
6562 8052
6563 8048
6564 5330
6565 8052
6566 9435
6567 8027
6568 7985
6569 6450
6570 5935
6571 9488
6572 8085
6573 5263
6574 8086
6575 8096
6576 5189
6577 7219
6578 7399
6579 7802
6580 6212
6581 3428
6582 8101
6583 8219
6584 9019
6585 8070
6586 9388
6587 6715
6588 6055
6589 7250
6590 7652
6591 7814
6592 5428
6593 7845
6594 8876
6595 8078
6596 8079
6597 7418
6598 7279
6599 8578
6600 8579
6601 9429
6602 8579
6603 7924
6604 7296
6605 6463
6606 7992
6607 1295
6608 3186
6609 7259
6610 7768
6611 7910
6612 2894
6613 7212
6614 8138
6615 7969
6616 7897
6617 6627
6618 7969
6619 8220
6620 6691
6621 3128
6622 4512
6623 7154
6624 8366
6625 9141
6626 7969
6627 7897
6628 8026
6629 8474
6630 8477
6631 6722
6632 9398
6633 9399
6634 9487
6635 7337
6636 4950
6637 8058
6638 5686
6639 6736
6640 9097
6641 6516
6642 8558
6643 4922
6644 8221
6645 5059
6646 8171
6647 8024
6648 9474
6649 9474
6650 8988
6651 6428
6652 9291
6653 8134
6654 3526
6655 2824
6656 4821
6657 3884
6658 8172
6659 5609
6660 8979
6661 8980
6662 1172
6663 9488
6664 8998
6665 9516
6666 3590
6667 2892
6668 8209
6669 9508
6670 9532
6671 9516
6672 5189
6673 3310
6674 5900
6675 6957
6676 5362
6677 8226
6678 3128
6679 7071
6680 3128
6681 7417
6682 3000
6683 8911
6684 9298
6685 7417
6686 4909
6687 3293
6688 6638
6689 7255
6690 6532
6691 5988
6692 3998
6693 2348
6694 4950
6695 6645
6696 7587
6697 772
6698 7212
6699 8144
6700 7511
6701 6801
6702 7898
6703 8064
6704 7115
6705 6691
6706 5789
6707 1044
6708 9006
6709 8165
6710 6916
6711 2388
6712 7250
6713 8568
6714 4928
6715 828
6716 5180
6717 5018
6718 9022
6719 512
6720 2747
6721 5447
6722 9022
6723 7133
6724 3212
6725 8236
6726 2579
6727 5830
6728 7934
6729 8178
6730 8061
6731 8179
6732 5040
6733 6650
6734 8078
6735 6638
6736 6904
6737 9137
6738 7357
6739 9466
6740 8202
6741 5877
6742 9027
6743 7234
6744 3224
6745 4704
6746 4705
6747 6444
6748 6445
6749 9174
6751 8067
6752 9022
6753 6762
6754 6763
6755 7710
6756 1667
6757 9027
6758 6765
6759 8535
6760 3099
6761 9186
6762 9398
6763 9013
6764 9014
6765 8191
6766 9542
6767 6762
6768 6763
6769 8987
6770 9026
6771 6671
6772 6670
6773 6673
6774 4704
6775 6667
6776 8213
6777 6668
6778 9066
6779 9054
6780 6675
6781 9058
6782 5275
6783 8483
6784 9564
6785 9053
6786 1527
6787 5269
6788 5269
6789 6909
6790 6954
6791 3125
6792 3537
6793 4548
6794 7662
6795 5679
6796 3917
6797 7599
6798 3670
6799 8249
6800 9398
6801 9399
6802 5998
6803 1640
6804 6964
6805 8570
6806 8294
6807 9110
6808 8313
6809 1201
6810 5375
6811 3463
6812 324
6813 2681
6814 6117
6815 1349
6816 3715
6817 9094
6818 9143
6819 3196
6820 5140
6821 6979
6822 5261
6823 5262
6824 8215
6825 5266
6826 5287
6827 5288
6828 8377
6829 5466
6830 9102
6831 3133
6832 5241
6833 7802
6834 7803
6835 9114
6836 8819
6837 5241
6838 3699
6839 8241
6840 8180
6841 8243
6842 8244
6843 5586
6844 3958
6845 7032
6846 8172
6847 6962
6848 9140
6849 7165
6850 3593
6851 3225
6852 8172
6853 5262
6854 3180
6855 6962
6856 8289
6857 668
6858 1090
6859 9105
6860 8373
6861 7027
6862 8233
6863 8263
6864 9014
6865 8327
6866 8446
6867 8446
6868 8270
6869 8271
6870 6889
6871 6890
6872 3215
6873 5289
6874 2888
6875 9103
6876 9334
6877 9159
6878 9107
6879 8311
6880 8312
6881 9107
6882 5272
6883 7031
6884 8249
6885 4764
6886 2377
6887 9110
6888 1912
6889 4534
6890 668
6891 687
6892 9175
6893 9116
6894 8178
6895 3555
6896 4750
6897 6703
6898 3555
6899 5586
6900 5586
6901 3609
6902 7341
6903 8539
6904 6954
6905 8876
6906 2707
6907 4806
6908 5586
6909 8955
6910 5555
6911 8642
6912 4690
6913 6570
6914 5355
6915 9067
6916 3965
6918 5384
6919 5146
6920 7924
6921 3581
6922 5510
6923 7181
6924 5511
6925 3583
6926 8356
6927 9131
6928 7110
6929 4764
6930 9171
6931 189
6932 5796
6933 8396
6934 9345
6935 8217
6936 8017
6937 3189
6938 8369
6939 4812
6940 8440
6941 8827
6942 8682
6943 8271
6944 6561
6945 8366
6946 9236
6947 5528
6948 7293
6949 7183
6950 3591
6951 7203
6952 3491
6953 9153
6954 7286
6955 9152
6956 7380
6957 8528
6958 8408
6959 9166
6960 8406
6961 3603
6962 6706
6963 9157
6964 9162
6965 9177
6966 9178
6967 9240
6968 7114
6969 5880
6970 7269
6971 2418
6972 2811
6973 5094
6974 6311
6975 8477
6976 8616
6977 9237
6978 9196
6979 7846
6980 7273
6981 8529
6982 9301
6983 5858
6984 9388
6985 6387
6986 6643
6987 5371
6988 6616
6989 4645
6990 8462
6991 8537
6992 7342
6993 7342
6994 6554
6995 4393
6996 8017
6997 7610
6998 9113
6999 9275
7000 9326
7001 7873
7002 7372
7003 8563
7004 5722
7005 5723
7006 7166
7007 9193
7008 7288
7009 8433
7010 7494
7011 7297
7012 9191
7013 8594
7014 6311
7015 7094
7016 8636
7017 3312
7018 8709
7019 8708
7020 5094
7021 9211
7022 9399
7023 3432
7024 6220
7025 314
7026 7232
7027 8611
7028 8612
7029 9218
7030 9243
7031 8418
7032 9275
7033 8017
7034 8430
7035 8913
7036 9221
7037 1664
7038 9234
7039 8546
7040 8878
7041 9412
7042 5983
7043 7408
7044 8576
7045 7232
7046 7233
7047 3705
7048 7315
7049 8721
7050 8616
7051 8467
7052 5286
7053 8330
7054 9211
7055 8330
7056 7188
7057 8914
7058 7462
7059 7255
7060 8478
7061 5329
7062 9237
7063 7560
7064 8478
7065 8484
7066 8484
7067 6082
7068 4212
7069 4970
7070 6220
7071 4363
7072 9205
7073 8789
7074 7315
7075 6909
7076 8576
7077 9461
7078 6567
7079 8576
7080 7379
7081 5774
7082 9345
7083 5795
7084 7338
7085 6143
7086 8505
7087 8509
7088 8616
7089 8914
7090 9249
7091 3975
7092 8445
7093 9237
7094 6360
7095 1205
7096 1205
7097 8500
7098 7463
7099 7403
7100 5795
7101 5797
7102 3231
7103 8659
7104 8095
7105 8505
7106 9446
7107 8585
7108 9285
7109 8715
7110 7856
7111 8579
7112 8545
7113 7413
7114 9426
7115 2379
7116 7461
7117 9276
7118 9237
7119 7856
7120 8914
7121 8564
7122 8619
7123 7623
7124 9254
7125 8490
7126 8013
7127 4138
7128 4136
7129 1820
7130 6087
7131 7852
7132 2051
7133 7519
7134 4826
7135 2633
7136 8300
7137 5795
7138 8729
7139 8710
7140 7408
7141 9569
7142 843
7143 8367
7144 4147
7145 9453
7146 4059
7147 4060
7148 3183
7149 8639
7150 153
7151 2399
7152 1592
7153 7528
7154 4909
7155 5922
7156 8785
7157 7554
7158 5094
7159 8706
7160 8540
7161 7398
7162 6095
7163 7522
7164 7516
7165 7516
7166 6016
7167 9453
7168 7525
7169 6188
7170 3307
7171 3730
7172 4363
7173 8638
7174 6796
7175 7990
7176 7667
7177 7570
7178 8715
7179 1401
7180 7580
7181 8669
7182 7920
7183 7584
7184 9094
7185 8669
7186 7563
7187 7564
7188 6180
7189 7595
7190 5953
7191 8687
7192 5942
7193 4370
7194 6537
7195 995
7196 3694
7197 6412
7198 6235
7199 9092
7200 7970
7201 8912
7202 7856
7203 6253
7204 6255
7205 8365
7206 2064
7207 9092
7208 410
7209 9463
7210 9376
7211 6279
7212 5449
7213 7664
7214 6744
7215 6294
7216 4478
7217 4843
7218 110
7219 7223
7220 3245
7221 7667
7222 8706
7223 7723
7224 5482
7225 6260
7226 4164
7227 8795
7228 8794
7229 5362
7230 5259
7231 9358
7232 8671
7233 7823
7234 7678
7235 7309
7236 7732
7237 7735
7238 6256
7239 6744
7240 4478
7241 6757
7242 8619
7243 7723
7244 6377
7245 7850
7246 9446
7247 7723
7248 7878
7249 7560
7250 6471
7251 8013
7252 3687
7253 8835
7254 8798
7255 6400
7256 8876
7257 8826
7258 2513
7259 6564
7260 7921
7261 6562
7262 4289
7263 8914
7264 6565
7265 7189
7266 8501
7267 7945
7268 9027
7269 6564
7270 7921
7271 6562
7272 9463
7273 7849
7274 8487
7275 7989
7276 9080
7277 61
7278 5827
7279 7674
7280 5075
7281 4451
7282 6576
7283 91
7284 6211
7285 34
7286 8893
7287 7920
7288 7919
7289 7811
7290 9400
7291 2468
7292 6387
7293 7829
7294 8784
7295 5430
7296 9187
7297 8861
7298 8876
7299 8877
7300 7561
7301 8490
7302 4692
7303 8867
7304 8914
7305 9486
7306 7983
7307 8877
7308 4120
7309 9400
7310 9137
7311 9447
7312 4692
7313 8784
7314 1074
7315 9458
7316 3705
7317 6561
7318 6562
7319 9393
7320 8031
7321 6561
7322 8475
7323 7318
7324 4805
7325 61
7326 4120
7327 9462
7328 61
7329 7989
7330 2667
7331 4557
7332 8941
7333 9069
7334 6615
7335 1074
7336 9481
7337 9484
7338 5857
7339 8838
7340 8101
7341 8015
7342 9211
7343 9369
7344 9211
7345 9369
7346 396
7347 7654
7348 6339
7349 1058
7350 5362
7351 7003
7352 8098
7353 6677
7354 8940
7355 8377
7356 9047
7357 8092
7358 2790
7359 7873
7360 9557
7361 9486
7362 8225
7363 8453
7364 3200
7365 8015
7366 8015
7367 5189
7368 8127
7369 9490
7370 6766
7371 8903
7373 8366
7374 9141
7375 7969
7376 5610
7377 8903
7378 9474
7379 8026
7380 8476
7381 9218
7382 9398
7383 9399
7384 9217
7385 9254
7386 5680
7387 6465
7388 7226
7389 4821
7390 5648
7391 9043
7392 9446
7393 7563
7394 8914
7395 3093
7396 6741
7397 9509
7398 9516
7399 8019
7400 5607
7401 8323
7402 8911
7403 6013
7404 7237
7405 5189
7406 6760
7407 5662
7408 6766
7409 1382
7410 5617
7411 9464
7412 9022
7413 7896
7414 8793
7415 9011
7416 7973
7417 7332
7418 1824
7419 9186
7420 8481
7421 9203
7422 9208
7423 7332
7424 7333
7425 8990
7426 9422
7427 8198
7428 8496
7429 8564
7430 5620
7431 5056
7432 8017
7433 8564
7434 8017
7435 8564
7436 9026
7437 8065
7438 8008
7439 9203
7440 4385
7441 9273
7442 9013
7443 7333
7444 8646
7445 7319
7446 9517
7447 9107
7448 9517
7449 9137
7450 6691
7451 8202
7452 8871
7453 7346
7454 5362
7455 9517
7456 9027
7457 4773
7458 9475
7459 8878
7460 6845
7461 9022
7462 157
7463 4924
7464 8017
7465 9022
7466 9069
7467 6854
7468 7289
7469 8611
7470 6491
7471 6356
7472 5645
7473 3714
7474 6876
7475 8063
7476 9093
7478 8178
7479 8263
7480 9014
7481 8446
7482 8446
7483 8263
7484 9014
7485 7985
7486 8414
7487 8557
7488 9039
7489 8994
7490 9036
7491 7547
7492 8634
7493 6876
7494 8216
7495 6878
7496 8961
7497 8203
7498 6845
7499 9504
7500 9517
7501 9518
7502 9027
7503 8574
7504 7803
7505 6884
7506 1361
7507 5571
7508 6853
7509 8216
7510 9398
7511 8078
7512 3713
7513 9073
7514 8219
7515 9273
7516 8103
7517 6762
7518 9206
7519 3713
7520 8207
7521 9566
7522 6876
7523 6886
7524 6672
7525 6886
7526 6672
7527 7681
7528 9538
7529 9542
7530 9034
7531 8204
7532 9564
7533 8249
7534 8320
7535 5055
7536 8299
7537 6889
7538 7296
7539 1172
7540 9134
7541 7048
7542 7049
7543 5528
7544 5530
7545 8487
7546 7050
7547 7051
7548 5629
7549 7606
7550 6954
7551 9103
7552 3603
7553 6974
7554 7803
7555 7802
7556 9361
7557 8819
7558 8239
7559 8244
7560 8241
7561 8180
7562 8311
7563 8312
7564 3833
7565 309
7566 8684
7567 5586
7568 6977
7569 6978
7570 7032
7571 5608
7572 6962
7573 4764
7574 6988
7575 9140
7576 9140
7577 5262
7578 5623
7579 6962
7580 7428
7581 5536
7582 9105
7583 2049
7584 9159
7585 7056
7586 8263
7587 9350
7588 8271
7589 1634
7590 5530
7591 8487
7592 9105
7593 8843
7594 9157
7595 9437
7596 9107
7597 9167
7598 9107
7599 5291
7600 8818
7601 7069
7602 9178
7603 9546
7604 9116
7605 8395
7606 8396
7607 7182
7608 7187
7609 7280
7610 5532
7611 1524
7612 6954
7613 8080
7614 7802
7615 9107
7616 3669
7617 2822
7618 9196
7619 8766
7620 8020
7621 9302
7622 8481
7623 7284
7624 5738
7625 5739
7626 5165
7627 5993
7628 9346
7629 9156
7630 5736
7631 556
7632 8383
7633 5527
7634 7203
7635 5536
7636 5537
7637 1503
7638 2725
7639 9166
7640 5425
7641 1499
7642 9157
7643 9156
7644 9157
7645 5455
7646 8567
7647 9179
7648 9167
7649 8439
7650 9177
7651 9178
7652 5536
7653 9163
7654 8514
7655 409
7656 5036
7657 8443
7658 8913
7659 8436
7660 6463
7661 7610
7662 7652
7663 8559
7664 9196
7665 8436
7666 9345
7667 5858
7668 5857
7669 7078
7670 8435
7671 5619
7672 9218
7673 9236
7674 3603
7675 7300
7676 7294
7677 8445
7678 7285
7679 7297
7680 8561
7681 9157
7682 2002
7683 9193
7684 6935
7685 9282
7686 3142
7687 8525
7688 8563
7689 9203
7690 9193
7691 9191
7692 836
7693 7373
7694 9273
7695 9113
7696 9243
7697 8418
7698 9257
7699 8430
7700 8429
7701 9214
7702 8440
7703 4758
7704 9275
7705 9243
7706 9568
7707 7965
7708 9221
7709 9090
7710 9231
7711 3824
7712 9498
7713 6859
7714 8663
7715 5646
7716 54
7717 4919
7718 8914
7719 8597
7720 3458
7721 8509
7722 8577
7723 9227
7724 8516
7725 4806
7726 9199
7727 9247
7728 9251
7729 9240
7730 1217
7731 9147
7732 8499
7733 8505
7734 8506
7735 8509
7736 8616
7737 8913
7738 8914
7739 9218
7740 9250
7741 8445
7742 9237
7743 974
7744 7140
7745 2379
7746 8659
7747 9463
7748 8505
7749 6624
7750 7656
7751 9426
7752 7856
7753 8579
7754 8545
7755 8546
7756 9276
7757 8914
7758 9259
7759 9260
7760 7856
7761 6629
7762 8095
7763 8535
7764 7795
7765 9244
7766 7580
7767 1970
7768 8587
7769 8877
7770 7413
7771 184
7772 7680
7773 9510
7774 9426
7775 8584
7776 8914
7777 8587
7778 7593
7779 8622
7780 9290
7781 9094
7782 9288
7783 8602
7784 8588
7785 7951
7786 8784
7787 9354
7788 4843
7789 4801
7790 7398
7791 8540
7792 7398
7793 7565
7794 7522
7795 7990
7796 2617
7797 7732
7798 6188
7799 3307
7800 1359
7801 9354
7802 9463
7803 9094
7804 9276
7805 9094
7806 6180
7807 8642
7808 7756
7809 8678
7810 7534
7811 7983
7812 9356
7813 8666
7814 8789
7815 9331
7816 8675
7817 8649
7818 8650
7819 7529
7820 8679
7821 9349
7822 4478
7823 7951
7824 8539
7825 9391
7826 7214
7827 7667
7828 8706
7829 7768
7830 8710
7831 8598
7832 8671
7833 8858
7834 3813
7835 7309
7836 7308
7837 7735
7838 7688
7839 6796
7840 8791
7841 9217
7842 8835
7843 9276
7844 8797
7845 8720
7846 8798
7847 9217
7848 9218
7849 8619
7850 7723
7851 6391
7852 7725
7853 7560
7854 7678
7855 7984
7856 7275
7857 9430
7858 8215
7859 9426
7860 8724
7861 8726
7862 8729
7863 9374
7864 7859
7865 7779
7866 7779
7867 4478
7868 4969
7869 8098
7870 708
7871 6371
7872 8505
7873 4692
7874 7811
7875 7725
7876 6382
7877 4296
7878 2468
7879 8490
7880 9468
7881 8784
7882 7815
7883 9217
7884 9218
7885 9446
7886 8798
7887 9137
7888 9406
7889 9217
7890 8477
7891 7878
7892 7869
7893 7876
7894 9066
7895 8489
7896 8826
7897 9079
7898 8784
7899 9400
7900 9400
7901 9463
7902 8914
7903 5699
7904 7946
7905 6464
7906 8016
7907 7965
7908 8529
7909 8877
7910 9079
7911 9094
7912 9406
7913 9137
7914 6554
7915 9520
7916 9447
7917 9486
7918 9442
7919 9458
7920 5857
7921 2440
7922 9260
7923 5089
7924 7909
7925 9484
7926 9481
7927 9472
7928 1824
7929 6058
7930 8893
7931 8377
7932 8940
7933 8092
7934 4281
7935 9454
7936 9131
7937 8862
7938 9509
7939 9457
7940 7264
7941 909
7942 9515
7943 9516
7944 9113
7945 8388
7946 9050
7947 7876
7948 9207
7949 9273
7950 8564
7951 8565
7952 9237
7953 9458
7954 8708
7955 8709
7956 9046
7957 7270
7958 9488
7959 7198
7960 9036
7961 9566
7962 8090
7963 9518
7964 8481
7965 9333
7966 9027
7967 3709
7968 8998
7969 9273
7970 8217
7971 9522
7972 6878
7973 8961
7974 9368
7975 9369
7976 9504
7977 9517
7978 9518
7979 9027
7980 9509
7981 8065
7982 8482
7983 8483
7984 7723
7985 7987
7986 9439
7987 8178
7988 8263
7989 6016
7990 9338
7991 130
7992 8263
7993 4164
7994 9059
7995 8391
7996 5185
7997 6859
7998 8225
7999 9538
8000 7547
8001 9050
8002 8249
8003 6715
8004 9504
8005 9039
8006 9517
8007 9518
8008 9027
8009 7184
8010 7696
8011 8210
8012 7333
8013 8227
8014 6884
8015 8221
8016 5064
8017 9002
8018 9487
8019 7942
8020 8209
8021 9514
8022 9061
8023 9157
8024 9042
8025 8227
8026 9542
8027 9072
8028 8205
8029 9064
