1 1926
22 4897
79 1923
86 177
130 3115
131 3383
134 2391
141 1855
142 1856
159 6162
166 3530
187 2096
197 1874
225 6589
251 8542
282 678
339 7659
360 3937
367 129
371 1318
379 294
381 3488
384 2346
386 7577
395 1003
407 408
417 7625
438 4690
443 1058
457 3062
462 3069
474 3145
477 1123
478 1124
489 3170
491 3171
493 3209
495 3210
504 382
582 1923
585 968
591 778
600 4562
604 126
608 3011
614 126
630 6057
640 904
656 382
662 6084
672 7672
673 4652
714 795
746 6108
760 1923
771 2944
775 2950
776 2954
777 6195
778 849
810 7329
840 515
851 3050
852 1318
862 3067
865 6191
870 3106
893 5175
894 5116
904 6025
907 1123
910 5175
912 4702
915 3145
916 2790
919 3173
935 3222
938 3206
942 3227
955 4605
956 4606
957 5991
959 6084
960 5990
969 1213
970 6089
1045 4652
1055 5073
1069 1592
1081 1838
1085 2417
1088 382
1104 3251
1115 1777
1117 4137
1119 7672
1120 6132
1126 6086
1144 6107
1153 38
1170 840
1175 4457
1180 2379
1193 1592
1199 6900
1211 1338
1231 5891
1232 6162
1264 2274
1276 7246
1295 6162
1338 7246
1341 2962
1343 2954
1351 6186
1352 4343
1353 6187
1359 6195
1372 4011
1397 3491
1403 3145
1405 1124
1410 3585
1412 3170
1414 3171
1428 7428
1459 3621
1490 132
1500 1874
1501 4423
1542 1871
1544 1874
1546 3287
1589 207
1590 1923
1593 73
1612 6379
1613 5991
1616 2346
1621 7659
1622 7660
1634 6909
1690 105
1696 6419
1700 4224
1704 294
1705 293
1720 774
1722 1318
1732 7721
1770 408
1792 7577
1804 413
1812 7765
1813 7766
1814 7769
1841 1058
1854 3170
1855 3171
1858 650
1860 649
1861 660
1864 2539
1868 2549
1873 4720
1880 8152
1886 781
1913 7702
1936 7212
1946 6532
1955 4423
1979 6047
1992 6578
1993 6579
2006 7654
2029 1566
2033 5311
2036 2734
2039 6084
2051 384
2052 385
2055 4378
2056 3317
2076 2645
2107 2457
2119 207
2128 7652
2130 1923
2138 764
2143 4652
2144 4653
2145 7672
2153 73
2154 6132
2194 2457
2197 207
2209 6390
2212 4652
2216 843
2221 1025
2226 1678
2227 1677
2237 2684
2238 2685
2251 774
2253 1989
2264 6428
2273 6162
2299 6645
2306 6464
2313 4385
2322 1124
2336 3171
2337 3170
2359 2713
2363 2701
2364 2055
2374 3406
2415 2285
2416 2285
2447 4245
2448 4246
2452 1688
2453 1689
2454 2773
2467 5091
2472 1923
2479 3760
2480 2950
2484 849
2487 2950
2496 3048
2500 3317
2518 471
2532 8707
2534 2954
2560 1111
2581 6921
2583 807
2590 3067
2594 6916
2603 6967
2607 6931
2616 7022
2617 8250
2630 5271
2634 5291
2636 5276
2637 5294
2639 5279
2640 5280
2642 384
2643 385
2647 4214
2650 4136
2656 4246
2660 6081
2673 3908
2674 5753
2675 5754
2692 9475
2723 3377
2762 6107
2766 5833
2775 5329
2798 391
2809 3654
2834 7504
2837 1624
2839 7521
2869 5356
2899 3308
2902 5409
2908 4279
2918 4011
2923 4342
2924 4343
2935 5464
2944 7109
2953 5469
2955 7166
2967 7205
2975 7649
2977 6375
3008 5785
3023 5900
3034 5785
3046 34
3049 4652
3051 5645
3076 8807
3104 7463
3105 1303
3108 3682
3125 1319
3137 5799
3144 1599
3156 1253
3164 3655
3178 3313
3181 1497
3197 6186
3198 8657
3204 3695
3226 3491
3233 3535
3241 3563
3244 3584
3248 1757
3250 3598
3252 3607
3253 3606
3259 202
3261 1787
3262 3386
3269 6367
3270 5646
3287 155
3288 1215
3290 132
3298 8707
3301 110
3303 6519
3313 2017
3329 4048
3353 3251
3364 207
3365 1923
3383 2731
3389 8702
3393 7664
3396 1839
3407 306
3432 2073
3444 3986
3454 2111
3455 2689
3460 1832
3462 1842
3465 2020
3471 7775
3482 2612
3486 2062
3487 2063
3490 2153
3507 1894
3514 2153
3515 4222
3516 2172
3533 2221
3541 2264
3542 2221
3545 2297
3575 8152
3599 7808
3604 7933
3630 7123
3631 6278
3638 2545
3666 6526
3678 2549
3718 1989
3721 155
3731 7820
3736 4786
3748 7359
3758 7630
3763 3315
3770 4761
3800 8703
3803 4855
3810 4944
3816 8064
3820 6576
3827 4980
3830 4954
3843 4997
3844 6464
3845 4982
3863 5051
3865 5058
3871 1320
3906 2391
3916 3408
3930 8948
3951 7654
3953 7867
3961 2773
4004 6548
4017 4720
4049 4883
4068 5604
4070 6552
4075 4786
4090 3550
4097 6630
4109 3310
4123 5100
4131 6645
4137 6819
4138 8171
4146 6444
4147 6445
4154 8195
4156 8196
4160 6854
4169 1176
4174 6891
4179 589
4209 2950
4223 2950
4250 2816
4289 3164
4290 1160
4293 622
4308 6921
4309 807
4315 5157
4324 3164
4344 6929
4347 6931
4348 6980
4349 6979
4351 1172
4364 8250
4366 7023
4373 8263
4377 1178
4378 2884
4382 8336
4383 8335
4384 8308
4394 8335
4397 7068
4399 3737
4400 3900
4415 3908
4416 3853
4444 3186
4458 1484
4483 3936
4484 3937
4493 7388
4546 3519
4579 7109
4592 7109
4593 1744
4596 7169
4600 7142
4601 7143
4608 3971
4612 7193
4614 8390
4619 4799
4620 7428
4648 7215
4651 7403
4656 3654
4663 2379
4670 3032
4680 8541
4701 4798
4703 3378
4708 3866
4712 2311
4717 5904
4719 2329
4728 5634
4741 7604
4742 7605
4753 5646
4769 3670
4775 7628
4778 6082
4781 5691
4786 7622
4793 7166
4798 5519
4799 7297
4801 4508
4802 6349
4806 6075
4817 8639
4846 1488
4860 8143
4861 3682
4872 5800
4883 3712
4891 7548
4896 7766
4899 9318
4901 2451
4903 4222
4908 3655
4919 3669
4920 3670
4928 3688
4930 3812
4941 3680
4942 3795
4947 7453
4950 3856
4956 5795
4959 5905
4969 3942
4975 3966
4976 5731
5000 1832
5007 1839
5042 1917
5044 207
5045 1923
5050 2073
5067 2003
5071 2124
5072 2019
5073 2020
5080 1894
5081 2612
5085 4072
5086 4073
5088 4079
5105 8815
5117 4222
5145 4314
5146 2225
5149 2234
5168 4840
5193 7849
5203 8540
5204 8541
5224 4810
5225 8703
5243 6490
5245 4761
5269 6565
5279 6551
5284 6563
5293 6567
5294 6569
5297 6641
5303 6640
5304 6641
5312 7997
5314 7304
5320 6719
5369 7849
5371 7971
5373 7969
5374 7970
5382 4477
5417 6499
5422 8703
5423 8785
5432 8366
5450 7898
5452 8785
5464 6820
5473 8193
5476 6865
5479 2773
5490 6718
5521 7933
5524 8541
5525 8540
5539 6523
5541 9028
5549 5002
5580 7934
5585 6624
5596 927
5599 8124
5610 6444
5613 7133
5624 6645
5631 8118
5634 8171
5639 9022
5646 8191
5650 9020
5653 8194
5655 8197
5656 6671
5657 6670
5659 6667
5660 9057
5665 4704
5668 8225
5673 5147
5708 3167
5724 8315
5729 3129
5732 5598
5735 3428
5751 8249
5759 1134
5767 8270
5768 8271
5772 3215
5773 1172
5783 6962
5789 8263
5794 9104
5797 9159
5798 9109
5802 7026
5807 5548
5811 3554
5812 3555
5817 6703
5821 5685
5824 4605
5825 5704
5829 5984
5842 6759
5876 5355
5883 6025
5897 5492
5931 5536
5935 8406
5940 8412
5945 8580
5956 7403
5966 3621
5980 7383
5981 7384
5982 8532
5999 9399
6017 8419
6027 8432
6030 8434
6033 8451
6035 6519
6037 7604
6038 9284
6044 8580
6061 9399
6063 9353
6076 6203
6088 6220
6103 6896
6105 8467
6109 9328
6111 7258
6115 3317
6116 7276
6123 4222
6129 9353
6132 7614
6134 7615
6141 3669
6149 3669
6153 3712
6154 5299
6158 3776
6160 5596
6163 3776
6170 7315
6176 5795
6185 7349
6197 7374
6218 3776
6256 5795
6258 5796
6263 4909
6266 4222
6268 8706
6296 7580
6313 5418
6326 183
6339 6288
6340 6289
6349 6244
6351 6245
6356 6253
6358 6255
6369 4448
6372 6351
6377 6236
6384 6330
6392 4651
6394 6744
6402 6409
6410 6438
6419 4475
6463 1429
6464 6472
6466 6548
6467 6551
6472 6563
6480 6576
6482 7916
6483 7917
6484 7920
6485 7919
6488 7931
6490 6562
6502 7962
6503 6464
6508 7990
6518 8366
6526 8040
6563 8048
6565 8052
6574 8086
6576 5189
6615 7969
6624 8366
6636 4950
6637 8058
6653 8134
6660 8979
6678 3128
6680 3128
6688 6638
6695 6645
6704 7115
6710 6916
6718 9022
6725 8236
6752 9022
6766 9542
6771 6671
6773 6673
6775 6667
6777 6668
6789 6909
6799 8249
6827 5288
6830 9102
6845 7032
6847 6962
6859 9105
6863 8263
6866 8446
6868 8270
6869 8271
6872 3215
6875 9103
6884 8249
6887 9110
6893 9116
6895 3555
6898 3555
6914 5355
6922 5510
6924 5511
6925 3583
6950 3591
6953 9153
6955 9152
6964 9162
6965 9177
6973 5094
6992 7342
7002 7372
7004 5722
7005 5723
7007 9193
7012 9191
7015 7094
7017 3312
7020 5094
7024 6220
7028 8612
7029 9218
7035 8913
7046 7233
7048 7315
7060 8478
7064 8478
7067 6082
7070 6220
7074 7315
7086 8505
7087 8509
7100 5795
7101 5797
7112 8545
7116 7461
7126 8013
7130 6087
7131 7852
7135 2633
7153 7528
7159 8706
7177 7570
7180 7580
7188 6180
7189 7595
7202 7856
7204 6255
7216 4478
7222 8706
7233 7823
7234 7678
7236 7732
7237 7735
7245 7850
7253 8835
7254 8798
7268 9027
7269 6564
7287 7920
7293 7829
7294 8784
7299 8877
7303 8867
7312 4692
7314 1074
7324 4805
7335 1074
7336 9481
7337 9484
7341 8015
7365 8015
7367 5189
7381 9218
7406 6760
7421 9203
7465 9022
7501 9518
7505 6884
7529 9542
7532 9564
7551 9103
7584 9159
7596 9107
7604 9116
7610 5532
7634 7203
7635 5536
7648 9167
7650 9177
7651 9178
7676 7294
7681 9157
7685 9282
7688 8563
7691 9191
7694 9273
7701 9214
7716 54
7723 9227
7732 8499
7733 8505
7734 8506
7735 8509
7739 9218
7740 9250
7742 9237
7744 7140
7754 8545
7755 8546
7770 7413
7777 8587
7791 8540
7793 7565
7816 8675
7817 8649
7818 8650
7828 8706
7837 7735
7845 8720
7861 8726
7868 4969
7869 8098
7874 7811
7876 6382
7896 8826
7905 6464
7906 8016
7917 9486
7925 9484
7926 9481
7931 8377
7979 9027
7987 8178
8011 8210
8014 6884
8025 8227
