2 3
3 20
7 6
8 4
9 9
10 14
11 60
14 15
16 1
23 19
45 69
91 39
93 5
93 40
94 41
96 43
97 46
98 48
99 42
101 57
105 16
106 63
108 65
109 66
111 66
112 68
114 70
115 72
116 189
124 75
125 86
127 67
129 78
134 82
135 79
136 84
137 194
140 89
142 92
145 93
147 95
148 94
151 96
153 97
155 107
160 107
166 212
168 100
177 101
181 103
184 104
185 106
191 108
192 112
193 222
194 113
197 237
198 230
199 111
200 235
203 110
206 116
207 35
209 110
210 117
211 240
213 123
216 110
222 247
223 123
227 123
230 121
237 114
242 346
245 153
246 52
246 152
249 155
250 156
251 157
254 154
255 47
257 50
258 163
260 162
261 53
262 164
263 166
265 55
266 62
268 64
269 172
270 175
271 182
273 177
275 180
281 176
282 183
284 186
286 187
289 191
290 190
295 199
296 201
297 202
301 205
302 204
303 206
304 207
305 208
308 210
309 99
311 417
313 214
314 213
317 215
320 219
322 220
323 221
324 224
325 225
326 223
327 431
329 228
331 227
332 229
334 231
335 232
336 233
339 238
341 236
346 241
350 245
351 244
352 245
357 252
360 253
366 354
367 360
368 355
369 335
370 353
374 359
377 367
381 361
383 367
384 369
385 368
386 372
387 374
388 173
389 377
390 378
392 383
394 174
396 382
399 384
404 385
407 179
409 390
411 392
414 393
415 396
417 195
418 193
419 402
422 403
423 401
425 405
426 406
428 407
429 408
430 409
433 410
434 411
435 413
439 412
440 414
443 415
447 418
448 420
453 422
459 424
460 425
462 433
464 431
466 434
469 437
471 440
474 439
476 433
481 441
482 445
483 239
484 242
486 448
492 460
493 452
496 453
521 563
523 366
525 563
528 562
532 568
536 371
537 577
538 577
539 578
540 373
544 584
546 375
549 585
551 586
552 376
553 592
554 590
555 381
556 379
557 591
559 593
560 389
561 595
566 597
567 381
569 598
570 599
572 600
578 606
579 605
582 607
584 609
586 613
587 615
604 616
609 428
621 432
632 438
636 446
655 633
