1 1
3 20
8 48
10 14
11 60
12 1
13 16
13 17
14 15
14 18
20 19
27 29
30 36
35 24
36 38
45 69
46 35
62 87
70 81
76 96
79 111
91 39
93 5
93 40
94 43
96 44
97 46
98 11
99 42
100 12
101 57
103 63
108 65
109 66
111 66
112 76
114 70
115 72
116 185
119 79
124 75
125 86
127 67
129 78
132 82
137 194
138 84
140 92
142 93
145 95
148 94
153 97
155 107
156 210
160 107
166 212
168 100
177 101
184 104
185 106
188 109
189 35
190 110
192 112
193 222
194 230
196 123
197 237
199 125
200 235
206 240
210 117
213 123
215 247
225 251
227 123
230 121
233 125
237 114
238 122
245 151
246 52
246 152
249 153
251 157
255 158
256 160
257 49
258 163
260 50
261 53
262 164
263 58
265 55
266 62
268 64
270 175
271 176
273 177
275 180
280 182
282 183
284 186
286 187
289 191
290 190
295 199
296 201
299 202
301 205
302 204
303 206
305 208
306 207
310 207
311 417
313 214
314 213
317 215
320 219
322 220
323 221
325 225
326 223
327 431
331 227
332 229
333 239
335 232
336 233
341 236
342 238
344 239
346 241
347 249
349 242
350 245
351 244
352 245
357 252
360 253
361 466
384 369
385 368
386 372
387 374
388 173
389 377
390 378
396 382
404 385
405 384
406 383
411 388
413 392
414 393
415 174
416 179
417 195
419 193
422 403
423 401
425 405
426 406
428 407
429 408
430 409
433 410
434 411
435 413
439 412
440 414
447 418
448 420
449 421
452 425
453 422
459 424
462 433
463 436
464 431
466 434
469 437
471 440
474 439
476 433
477 441
481 443
482 445
483 239
486 448
494 453
498 460
536 371
538 577
539 578
540 373
546 375
549 585
551 586
552 376
553 592
554 590
555 381
559 591
561 595
564 384
566 597
567 381
568 598
571 600
573 389
577 395
578 606
579 605
584 609
586 613
587 615
592 415
609 427
609 428
