10 14
11 60
13 17
23 19
45 69
61 87
76 96
79 111
87 59
93 5
93 40
94 41
96 43
97 46
99 51
100 48
101 57
105 16
106 63
109 66
111 66
112 68
114 70
115 72
116 67
119 79
124 75
129 78
134 82
136 84
137 194
140 89
142 93
146 95
148 94
153 97
166 212
168 100
175 35
177 101
182 35
184 104
185 106
187 107
191 110
192 112
193 113
194 230
196 123
197 237
198 115
199 111
201 116
203 114
210 117
211 240
213 123
218 247
224 120
225 251
227 123
229 127
230 121
233 125
237 108
246 61
257 53
258 172
260 164
266 169
267 55
268 171
270 175
271 176
273 177
275 180
276 184
280 182
282 183
284 186
286 187
289 191
290 190
291 189
295 199
296 201
297 202
301 205
302 204
303 206
304 207
305 208
308 210
309 99
311 417
313 214
314 213
317 215
320 219
323 221
325 225
326 223
327 431
332 229
335 232
336 233
337 231
341 236
342 238
346 241
349 242
350 245
351 244
352 245
353 119
357 252
360 253
386 372
387 374
388 173
389 377
390 378
392 383
394 174
396 382
400 386
404 385
405 384
409 390
411 388
413 392
414 393
416 179
417 195
419 402
422 403
423 401
425 405
427 406
428 407
429 408
430 409
434 411
435 413
439 412
440 414
443 415
447 410
448 420
449 421
452 425
453 422
459 424
462 433
464 431
466 434
467 440
469 437
470 440
474 439
476 433
477 441
480 436
483 239
486 454
487 443
487 445
491 452
498 460
536 371
538 577
539 578
540 373
546 375
549 585
551 586
552 376
553 592
554 590
555 381
556 379
557 591
559 593
561 595
566 597
567 381
568 598
571 600
573 389
577 395
578 606
579 605
583 607
584 609
586 613
587 615
602 616
609 427
609 428
