2 6
8 2
10 14
13 17
14 15
16 1
20 19
21 18
45 69
63 20
79 111
91 39
93 5
93 40
97 46
98 48
99 42
101 57
103 63
105 16
108 65
109 66
111 66
112 76
114 70
115 72
116 67
119 79
124 75
125 86
129 78
133 81
134 82
137 194
138 84
140 89
142 93
147 95
148 94
153 97
167 107
168 100
175 96
177 101
182 96
184 104
185 106
186 108
188 109
189 87
190 110
192 112
193 113
194 230
196 123
197 237
198 115
199 111
200 235
201 116
207 125
210 117
211 240
213 123
218 247
221 125
223 123
224 251
227 123
230 121
235 122
237 114
245 151
246 52
246 152
247 156
248 159
249 153
250 155
252 157
254 161
255 47
257 49
258 165
258 168
260 50
261 53
262 54
263 166
266 62
268 64
269 172
270 175
271 176
273 177
275 180
280 182
282 183
284 186
286 187
290 190
291 189
295 199
296 201
298 191
299 202
301 205
302 204
303 206
305 208
306 207
307 209
308 210
309 212
310 207
313 214
314 213
315 214
320 215
322 220
323 221
325 225
326 223
326 244
327 431
332 227
333 239
335 232
336 233
337 231
341 236
344 460
346 241
347 249
349 242
350 245
351 244
352 248
357 252
360 253
369 335
376 355
379 359
381 361
383 367
384 369
385 368
386 372
387 374
388 173
389 377
390 378
392 383
394 174
396 382
404 385
405 384
411 388
413 392
414 393
415 390
416 179
417 195
418 193
420 395
422 403
423 401
425 405
427 406
428 407
430 409
433 410
434 411
435 416
436 414
439 412
440 415
441 413
443 420
446 417
447 418
450 426
452 438
453 422
454 192
455 408
459 449
461 226
462 433
463 436
463 454
464 431
469 462
476 433
476 447
477 459
480 440
482 445
483 239
486 448
492 460
523 366
536 371
538 577
539 578
540 373
546 375
550 585
551 586
552 376
553 592
554 590
555 381
556 379
559 591
560 389
561 595
564 384
566 597
567 381
569 598
572 600
578 606
579 605
583 607
584 609
586 613
587 615
595 423
604 616
606 444
609 453
613 630
616 450
617 627
620 635
625 463
636 455
652 458
