(315) (361)
(365) (562)
(497) (622)
(263) (215)
(332,526,539) (303,372,425,1080,630)
(34) (110)
(130,373) (173,313)
(311) (665,727,943)
(344) (697)
(345) (322,479)
(387,496) (523)
(388) (463)
(404,443) (491,595,669,665)
(432) (697,800)
(460) (527)
(474) (800)
(482,491,492) (322,695,697)
(501) (438,492)
(510,515,528) (727,943,942)
(513,514) (800)
(540) (527,697)
(75) (162)
(106) (45,138,208,287,304)
(109) (362)
(112,132) (277,333)
(186) (162)
(257) (494)
(314) (199,441,495,540,556,557)
(319) (394,712)
(347,431) (190,226,246,340,458,469)
(377,393,516,561) (376,433,493,596,711)
(445) (335)
(493,503) (199,495,556,557)
(19) (17,18,82,101,176)
(306,371) (365,520,554)
(313,362,464) (97,144,167,195,267,285,315,592)
(366) (348,349,368,377,467,685,1079)
(413) (451)
(3,4,15) (0,6,7,15,19,30,51,152,42,321)
(192,211,237,265,338,339,397,446) (118,152,192,163,236,216,282)
(212,218,424,526) (139,158,164,238,268,302,319,329,336,370,406,346,565,1008)
(42) (81)
(61) (201,912)
(87) (35)
(163) (165,270)
(188) (241,343)
(202) (356)
(239,355,418) (125,379,418,569)
(299,449) (486,513,530)
(304,419,435,469,475) (321,380,455,566,604)
(309) (241)
(335) (346,1008)
(358) (375,484,574,720)
(455) (912)
(481) (565)
(538) (240,689)
(574) (346)
(44) (37,94)
(45) (135)
(50,86) (22,48)
(64) (25,58)
(68) (31,68)
(80) (168,428)
(96) (37,94,312)
(105) (61)
(119) (130)
(125) (274)
(137) (279)
(140) (197)
(144) (222)
(145) (128,413)
(149) (194)
(171) (281)
(177) (357)
(197) (96)
(203) (136)
(204) (55,284,328)
(238) (400)
(323) (383)
(370) (793)
(406) (252)
(459) (936)
(190,320) (245,373)
(262) (326)
(422) (290,420,440)
(437,477) (232,439)
(478) (605)
(527) (584)
(35) (74,116)
(48) (157,292)
(55) (72)
(71) (99)
(84) (124)
(88) (87)
(95,138) (107)
(122) (49)
(141) (71)
(272) (10)
(312) (178)
(321) (393)
(348) (363)
(385) (228)
(392) (683)
(427) (465,716,1082)
(487) (14)
(511) (577)
(25) (103)
(32) (59,417)
(43) (211)
(49,131) (106)
(52) (75)
(85) (388)
(91,113) (73)
(108) (187)
(133) (171)
(152) (104)
(183) (334)
(189) (249)
(193) (142)
(195) (358)
(219) (428,250)
(220) (179)
(230) (428,250)
(233,375) (265,327)
(267,484) (211,386)
(297) (407)
(322) (445)
(336) (460,261)
(412) (417)
(438) (687,341)
(457) (692)
(519) (661)
(524) (648)
(567) (791)
(21) (188)
(29) (28)
(103) (218)
(114) (242)
(126) (115)
(128) (172)
(146) (251)
(148) (182)
(153) (193)
(159) (174)
(172) (193,123)
(175) (242)
(176) (151)
(178) (410)
(179) (251)
(187) (150)
(200) (242)
(201) (161)
(205) (191,206)
(207) (91)
(209) (276)
(221) (86)
(227) (384)
(236) (205)
(249) (432)
(264) (237,453,427)
(268) (450)
(271) (151)
(277) (324)
(278) (489)
(285) (360)
(290) (431,323)
(333) (86,696)
(400) (323,724)
(430,560) (501,67)
(439) (410)
(454) (582)
(520) (1077)
(541) (662)
(555) (453,702)
(9) (21)
(10) (33)
(11) (5,26)
(12,102) (156,90,60)
(13) (43)
(63) (137)
(83) (46)
(124) (227)
(157) (169)
(180) (332)
(303) (159)
(411,552) (733)
(433) (344)
(573) (256,325)
(76) (175,181)
(97) (113,56)
(10) (11)
(110) (50)
(225) (306)
(324) (114)
(490) (636)
(14) (23)
(16) (31)
(26,28) (98)
(36) (92)
(60) (112)
(69) (53)
(111) (44)
(158) (146)
(275) (396)
(292) (278)
(360) (278)
(421) (515)
(495) (990)
(577,584) (643,606)
(31) (147)
(37) (65,183)
(56) (52)
(58) (79)
(70) (320)
(77) (63)
(92) (78)
(93) (133)
(102) (121)
(118) (207)
(134) (100)
(136) (231)
(147) (183)
(151) (141)
(164) (234)
(174) (89)
(185) (140)
(196) (111)
(208) (229)
(226) (619)
(248) (371)
(269) (234)
(276) (382)
(293,374) (397,309,338)
(294) (353)
(308,351) (371)
(327) (353)
(331) (381,487)
(340,575) (608)
(405) (266)
(488) (522)
(525) (600)
(545) (552)
(564) (487)
(580) (638)
(1) (24)
(17) (16)
(38) (54)
(62) (88)
(104) (160)
(129) (84)
(184) (204)
(88) (199)
(214) (298)
(235,253) (122)
(289) (412)
(329) (474)
(334,507,523) (296,390,258)
(337) (255,457)
(357) (805)
(401) (532)
(408) (40)
(517) (122)
(537) (675,812)
(30) (67)
(66) (286)
(90) (280)
(222) (129)
(254) (307)
(258) (448)
(423) (815)
(533) (822)
(553) (753)
(40) (41)
(135) (295)
(291) (235)
(508,512) (762)
(115) (230)
(123) (260)
(155) (214)
(156) (105)
(191) (471)
(213) (170)
(224) (184)
(228) (225)
(234) (170)
(266) (374,466)
(270) (305)
(326) (374)
(368) (462)
(382) (305)
(386) (551)
(389,476) (579)
(442,444,483) (602)
(458) (722)
(489) (109,792)
(509) (930)
(54) (14)
(65) (102,39)
(79,143) (29)
(94) (177,726)
(166) (293)
(206) (436)
(243) (437)
(250) (403)
(273) (143,351)
(279,286) (217)
(288) (351,408)
(350) (318)
(381) (529)
(384) (561)
(391) (364)
(420) (528)
(467,578) (504,663,490)
(470) (293)
(479) (672)
(521) (529)
(556) (671)
(173) (198)
(451) (472)
(198) (221)
(255,317) (219,153)
(325,342,359) (316,297,166,456)
(376) (134)
(394,402,415) (506,560)
(425) (521)
(547) (693)
(232) (209)
(300) (402)
(349) (347)
(363) (366)
(466) (703)
(550) (1081)
(161) (288)
(429) (512)
(447) (994)
(500) (631)
(502) (352)
(241) (224)
(372) (430)
(0) (9)
(1) (70)
(2) (8)
(6) (2)
(7) (1)
(9) (21)
(11) (5,26)
(13) (43)
(16) (34)
(17) (16)
(18) (4,149,220)
(19) (82)
(20) (14)
(22) (202)
(25) (103)
(27) (212)
(28,33) (77)
(34) (83)
(35) (74)
(40) (154)
(42) (81)
(45) (135)
(46) (11)
(47) (27)
(51) (210)
(52) (75)
(53) (36)
(54) (143)
(55) (72)
(56) (52)
(57) (108)
(58) (79)
(59) (145)
(62) (88)
(64) (25)
(67) (66)
(69) (92)
(76) (175,181)
(77) (63)
(79) (29)
(83) (46)
(84) (124)
(85) (388)
(87) (35)
(89) (182)
(90) (280)
(93) (133)
(95) (107)
(96) (37,312)
(98) (203)
(99) (275)
(101) (156)
(103) (218)
(105) (61)
(106) (45,304)
(107) (114)
(108) (187)
(109) (267,511)
(112) (277)
(118) (207)
(120) (47)
(123) (260)
(125) (243)
(126) (115)
(127) (148)
(130) (173)
(131) (106)
(132) (333)
(135) (295)
(136) (231)
(139) (62)
(140) (197)
(141) (71)
(145) (180,413)
(148) (182)
(152) (104)
(154) (190,226)
(156) (105)
(143) (29)
(157) (169)
(158) (146)
(159) (174)
(161) (288)
(169) (85)
(170) (213,269)
(174) (89)
(176) (151)
(185) (140)
(186) (435)
(187) (150)
(189) (249)
(192) (216)
(195) (358)
(197) (96)
(201) (161)
(202) (356)
(206) (436)
(207) (91)
(208) (229)
(211) (236)
(214) (298)
(219) (250)
(224) (184)
(225) (306)
(227) (311,384)
(228) (131,186,225,272)
(231) (134)
(232) (209)
(233) (327)
(236) (205)
(239) (125,350)
(243) (437)
(244) (244)
(247) (310,518,541)
(251) (325)
(255) (219)
(261) (290)
(265) (118)
(268) (450)
(271) (151,274)
(274) (248)
(276) (382)
(278) (489)
(282) (134)
(286) (217)
(289) (412)
(290) (323)
(292) (278)
(293) (397)
(303) (159)
(306) (365)
(312) (178)
(315) (361)
(319) (394)
(320) (245)
(322) (445)
(323) (383)
(327) (353)
(332) (283)
(345) (322)
(348) (363)
(349) (347)
(350) (318)
(355) (569)
(358) (375,484)
(366) (467)
(368) (462)
(371) (520)
(373) (313)
(381) (29)
(384) (561)
(392) (683)
(393) (433)
(400) (723)
(401) (452)
(406) (252)
(410) (64)
(412) (417)
(413) (716)
(420) (528)
(422) (420)
(423) (709)
(446) (646)
(450) (798)
(454) (582)
(455) (912)
(457) (692)
(473) (639)
(478) (605)
(483) (792)
(487) (444)
(488) (522)
(491) (695)
(502) (352)
(527) (284)
(534) (599)
(539) (653)
(545) (552)
(550) (642)
(554) (521)
(560) (674)
(5) (3)
(20) (14)
(30) (67)
(39) (80)
(89) (182)
(125) (243)
(212) (139,164)
(239) (350)
(251) (232)
(316) (447)
(360) (278)
(400) (724)
(434) (306)
(504) (516)