57 8
65 137
120 270
158 117
176 139
177 128
179 107
180 134
181 145
182 108
185 129
187 143
188 133
190 142
191 153
192 152
195 147
196 151
197 155
198 140
201 156
202 144
206 157
208 159
209 160
210 158
213 162
215 165
217 163
219 171
220 175
221 177
222 179
224 181
225 180
226 189
227 182
228 184
229 188
230 185
231 186
232 187
235 192
236 194
237 195
238 193
239 191
241 199
242 200
243 205
245 201
250 204
251 206
253 207
254 209
255 208
257 211
258 219
259 214
260 197
261 213
262 217
263 220
264 218
265 221
266 222
267 223
270 225
271 226
272 229
273 230
274 227
275 231
277 233
278 238
279 234
281 239
282 240
283 236
286 242
288 237
292 245
329 268
330 274
331 269
334 276
337 273
338 275
339 277
341 285
342 280
343 279
344 282
347 283
348 284
350 288
351 289
352 303
353 301
355 294
356 296
357 304
358 305
361 300
362 306
364 318
365 310
366 307
367 309
368 308
371 312
372 313
373 329
374 322
375 321
376 324
377 326
378 319
379 330
381 331
382 333
383 332
384 337
385 334
386 338
388 344
390 358
391 354
393 350
394 351
396 353
398 355
399 356
401 359
402 360
403 361
404 362
405 364
406 373
407 368
410 367
411 369
412 370
414 374
415 378
416 377
417 379
418 384
419 380
421 382
422 381
425 371
426 389
427 390
428 387
429 391
430 388
431 394
432 395
433 398
434 397
435 399
437 404
439 400
440 405
441 403
442 401
443 407
445 409
446 410
448 413
449 412
450 417
452 418
453 415
455 419
457 630
458 422
460 423
462 424
463 425
466 436
467 430
468 432
469 433
470 434
472 439
473 442
474 444
476 441
477 437
478 445
479 449
481 450
483 451
485 452
487 455
488 420
490 454
491 457
492 453
494 460
495 463
496 465
497 472
498 466
499 467
500 468
501 471
504 473
505 474
506 476
507 480
508 477
509 479
510 478
512 482
513 483
514 484
516 487
517 488
518 489
519 491
520 490
521 492
522 493
523 495
524 494
526 249
528 500
533 509
556 526
560 521
563 532
564 534
567 271
571 523
572 278
573 524
577 281
579 287
582 550
583 543
584 551
585 295
588 553
589 540
594 311
597 559
600 323
603 565
604 328
606 562
607 567
608 561
609 570
610 566
611 572
612 563
613 569
616 573
617 345
618 577
622 575
623 580
624 586
625 352
626 592
631 589
632 582
635 514
639 587
641 588
642 603
644 591
646 593
649 594
654 598
656 601
658 602
659 597
660 604
662 596
664 605
667 607
669 608
671 606
672 611
674 610
677 619
678 779
680 621
683 627
684 416
688 426
689 633
690 635
691 626
693 625
694 637
695 642
699 651
700 639
704 440
705 645
707 644
708 647
709 648
710 649
711 623
712 624
713 653
714 448
715 656
716 657
719 650
720 665
721 654
723 662
725 663
728 667
729 671
730 666
731 668
734 461
735 669
736 673
737 679
741 469
742 681
748 692
750 682
751 687
753 685
757 700
758 688
761 709
763 701
765 711
767 704
768 716
769 712
771 705
774 720
775 713
777 486
781 724
783 708
784 722
785 718
787 725
788 496
789 733
790 732
791 244
797 729
807 512
825 538
832 556
833 747
838 513
840 548
844 552
845 564
847 750
848 554
851 579
852 578
855 763
862 765
877 620
882 777
883 780
884 622
885 782
888 792
893 789
896 795
897 794
898 793
899 796
902 646
903 628
908 799
909 802
910 806
911 805
914 808
925 693
931 723
