241.2266 79.9587 236.1916 84.9469
241.5107 55.2984 316.4991 67.8676
242.5575 59.1166 210.6592 121.2839
246.1024 65.8676 239.2655 79.3194
249.9648 76.578 241.6603 80.1218
316.8389 67.2441 343.3246 69.8337
343.6396 66.9318 342.953 58.0417
348.9905 68.1602 348.774 58.111
354.5467 58.1236 354.639 69.3728
356.8293 70.78 370.6054 71.2282
370.7737 71.5534 405.7377 113.03
0.52962 150.7829 9.7061 156.327
0.57858 128.1193 34.3867 128.7485
1.2155 125.5121 3.3652 112.9522
2.7824 107.8335 24.3557 103.0381
5.4509 113.4486 16.9978 111.2781
9.315 154.4524 15.0348 158.8864
17.9903 156.9946 36.926 158.8565
18.1426 130.8826 9.4335 131.4791
21.8724 144.9589 30.6278 144.9973
31.8412 108.1564 42.7608 119.8869
34.1435 129.1152 42.0861 130.9725
39.3407 156.9677 86.9101 155.5594
42.0392 119.335 45.4782 133.465
44.5457 145.4262 56.5826 155.7595
86.0351 156.2612 124.0686 198.4016
193.2721 143.2045 240.3088 56.1294
208.4142 143.0015 233.3737 136.5936
209.8736 121.4028 203.4542 131.6174
211.9409 144.3884 212.1247 160.6222
211.9578 134.6978 228.4079 130.478
223.0922 159.3762 222.4354 141.854
224.9189 140.6219 225.0052 155.6286
228.3866 156.8642 227.7169 140.6418
230.4605 133.7813 215.5649 137.9082
230.5832 91.8538 244.5049 64.441
231.9969 119.3741 231.8557 99.3663
232.3264 98.4677 259.4213 90.7883
233.5766 136.9199 234.0418 158.1597
234.0848 158.753 224.4355 163.2547
235.7427 89.8111 254.4774 84.7542
236.5312 86.1408 202.7862 145.4322
242.1193 117.9597 234.4454 119.6878
244.7023 99.3738 244.6839 113.1254
247.3024 115.6271 247.394 96.8714
250.24 95.6244 250.2513 111.8744
252.2357 132.0246 279.5331 124.9886
252.7005 154.3646 252.4172 131.8682
253.3428 111.8776 253.5552 94.3499
253.5473 116.4296 238.6684 120.6105
255.3453 88.4096 239.3513 93.0433
255.7462 123.5842 274.8173 118.551
256.3031 134.3714 256.383 149.3776
260.2157 90.641 260.4331 113.1389
260.3904 113.6791 253.2775 116.0773
260.532 83.1915 241.7762 56.9456
262.1101 155.3347 254.408 154.159
263.125 111.875 263.125 94.375
264.4545 130.6769 263.7682 148.2478
267.6607 149.3786 267.5058 129.3701
270.685 129.375 270.6729 145.626
273.8874 146.8771 273.8117 129.3774
274.5915 122.7079 259.3235 126.6769
280.4105 148.6553 261.0158 154.4362
280.715 125.6618 281.4301 148.1788
284.375 145.625 284.375 126.875
300.7103 154.9619 316.6242 152.6491
315.625 136.875 315.625 138.125
317.9793 151.7923 260.6794 83.2841
319.4388 155.9655 304.4945 158.7635
367.4569 135.7082 358.9525 133.5087
369.5286 128.7209 391.5335 123.05
389.453 146.7473 382.3213 142.3939
390.1039 123.3465 405.5671 115.5108
392.8905 128.4704 384.3878 130.6746
395.1811 125.4435 396.9617 145.6173
403.3647 113.9776 372.631 122.6178
404.6098 145.6778 403.7604 129.342
405.6249 114.3751 406.8751 115.6249
406.6741 113.4167 424.6475 125.7944
407.1614 129.3124 407.8793 146.9359
415.1406 146.8872 414.7296 130.616
417.0116 130.6147 418.3252 148.11
418.9334 128.6666 427.1477 138.0407
422.4475 156.328 431.59 165.8973
423.3294 138.4291 545.5845 149.8094
545.3046 151.2414 578.5269 168.507
0.55784 236.7406 11.8422 237.4199
0.61225 179.6544 9.4579 180.0581
4.1167 211.8007 2.2659 218.2374
7.3401 161.8328 6.7969 171.938
8.5965 204.7559 14.997 208.2285
10.2329 160.2277 0.27717 155.0429
10.8198 179.3578 11.1262 160.6128
11.2989 225.3885 14.2941 218.0918
11.3285 215.8602 8.6684 209.6791
13.035 195.6229 12.9482 199.3997
19.7945 220.5761 19.5284 231.908
24.1201 211.0608 19.1815 222.3377
35.0552 217.7413 31.475 211.3954
36.7704 221.9227 38.3999 225.4998
40.4574 231.4033 53.8493 226.6453
40.852 209.1493 45.2301 213.5219
41.2344 215.9877 36.1678 219.6455
42.5439 200.7923 49.2107 203.5258
43.7433 224.7811 46.1799 228.5718
49.3603 195.7766 38.0948 194.6874
49.4071 204.4095 43.5644 209.8472
54.1709 225.6149 54.7312 214.3306
54.6815 193.6335 49.7359 199.9263
55.3286 213.2117 53.0129 205.2923
55.7776 235.1938 60.6142 236.9055
59.3836 202.9626 56.9095 221.8795
60.633 237.2029 75.621 237.3323
61.8022 198.9808 68.649 193.4726
69.0703 209.4833 65.4942 199.4215
75.646 238.2401 85.986 236.3573
76.0116 199.2546 73.6932 215.8786
76.6711 218.9809 82.656 215.8846
83.0869 215.3123 96.4863 213.6814
89.3188 238.2722 124.4129 239.6832
96.7628 214.4965 112.0694 215.7488
100.6354 190.0438 110.6322 190.2224
107.6753 237.5819 111.8696 234.1089
109.2579 198.0008 78.1615 196.9963
109.8592 213.1509 110.7381 196.7471
129.8107 197.8988 126.6406 209.3099
136.8309 210.9784 146.87 196.4875
141.7992 194.2783 143.9548 192.5888
149.135 196.0619 151.6953 204.7942
158.141 217.8652 118.1392 215.3951
158.8391 203.0723 159.6713 214.3531
172.9401 239.2902 171.7758 241.8295
174.3282 219.3568 184.3138 219.7364
183.13 220.6613 188.3743 219.9413
188.8957 221.616 193.6433 212.8306
189.3679 237.7612 199.3641 237.5662
200.1603 211.0581 193.125 223.8144
202.2362 211.871 202.3482 221.8697
202.6804 180.6189 203.1117 149.3748
203.1012 222.0255 234.4448 221.3461
208.5538 164.3698 208.2965 143.1078
208.6416 201.8735 208.5794 180.62
209.6081 180.4229 234.4891 174.8881
212.0004 172.4734 229.5171 168.8029
212.1518 216.0789 230.8154 213.0471
216.402 182.0019 213.9186 197.2087
221.2773 179.3568 220.8969 191.8833
223.7346 191.8793 223.6499 179.3714
225.5917 163.9614 210.5727 164.2622
228.3472 172.8901 215.6353 175.672
229.4234 217.1541 216.8674 219.3309
229.8488 194.4041 229.2379 178.1301
234.4633 198.6221 210.5789 202.8653
234.5787 175.6539 235.1671 196.9223
236.8557 223.4159 250.7106 224.3343
253.1405 194.3646 252.9557 171.8661
253.2566 216.3287 268.2013 213.5328
253.4365 170.7693 280.6932 164.6802
255.414 224.4083 263.3169 225.708
256.9048 208.2855 277.136 204.532
256.9988 162.4022 275.8819 157.9693
260.9566 173.1248 260.9659 189.3748
265.1664 169.3775 265.2621 186.877
267.9778 189.3744 268.0645 169.3693
269.4285 213.4893 280.8004 211.82
271.0659 221.0416 269.4264 215.2562
271.2486 170.6233 271.2086 185.6266
274.3236 185.6249 274.3526 168.125
274.4951 162.3784 260.357 165.752
274.5335 208.9343 260.584 211.6656
275.4282 191.4762 254.3295 193.994
276.9239 226.0737 297.0017 227.2991
280.6846 188.3543 273.3552 190.2601
280.6887 165.6632 281.4544 189.4288
281.7807 211.8414 281.4672 224.396
296.0696 186.8743 296.0335 164.3723
297.0088 163.7704 320.7739 158.8431
297.1106 209.8587 312.0054 207.8347
297.1267 225.6581 296.6277 210.5918
300.6564 165.6236 301.4034 181.8967
300.8062 201.7709 350.9366 193.8458
303.1006 227.8686 310.8871 227.1269
303.7447 185.6139 303.3633 164.3707
304.24 224.3816 303.6301 211.8504
305.9219 164.3718 306.1124 181.8697
305.9853 211.8638 306.3738 224.3905
314.375 161.875 315.625 161.875
314.7017 180.6151 314.1714 163.1312
317.5818 223.158 316.7414 209.3073
317.6346 161.863 317.9114 179.3784
321.5349 227.776 356.9778 247.9443
321.8396 185.3472 299.2287 188.2254
322.5145 204.374 322.5528 228.1239
323.3862 202.0988 305.5601 205.2586
324.636 163.1414 323.222 185.6311
331.8303 229.3769 330.7131 203.0682
333.1606 204.574 339.6501 203.413
333.9654 230.5224 341.8752 231.8739
334.3297 160.6649 319.0995 143.3676
337.0308 227.0074 335.8897 228.35
342.9566 228.1602 343.6917 205.6027
343.1129 203.0426 357.1116 200.9834
346.2818 225.8874 343.6055 230.8825
346.9256 225.4539 350.7141 226.5735
349.2505 183.2521 315.1374 149.8465
349.9915 221.8934 350.3655 209.3301
350.7894 197.7857 331.757 201.2216
357.1851 226.3411 346.4852 230.9751
357.7223 203.1017 358.3437 225.6534
357.9277 190.8607 349.9223 182.552
360.034 188.0123 364.521 190.344
364.5691 228.119 365.269 250.6361
368.0754 188.9287 496.9514 196.8875
369.7162 194.631 361.8552 191.9326
371.8879 197.9647 393.1008 199.6753
374.5991 225.9893 365.674 227.2283
375.1147 225.7261 381.9635 227.8378
379.3325 210.6244 379.2218 218.1411
384.1611 225.6311 383.5508 204.3628
388.8739 211.807 388.0187 218.1106
394.4606 200.6226 395.3073 230.634
400.042 230.6152 399.6006 200.6033
404.1976 199.9288 406.8281 200.7714
406.855 204.3826 406.9445 219.382
408.125 200.625 411.875 200.625
408.141 232.7822 371.8533 231.0916
408.4055 228.5086 402.7482 226.6774
411.6151 225.6303 411.2099 205.6132
414.4219 200.4734 417.0565 201.2878
415.6498 213.3523 416.8121 219.6185
419.3401 229.4764 412.5982 227.155
422.1092 228.1073 420.416 205.6408
430.5504 230.1571 409.4385 233.5235
431.7825 204.3778 432.5395 229.4305
435.8367 202.9263 435.405 210.6126
440.7066 229.345 440.1712 205.607
441.8023 205.324 455.6624 206.3862
449.375 203.125 450.625 203.125
449.3803 230.1465 441.8673 230.0627
451.875 203.125 455.625 203.125
454.2264 225.2647 458.484 225.9759
456.7583 207.8496 455.3061 215.057
456.892 203.035 460.7408 203.7607
459.4023 230.4744 447.8518 228.3858
460.385 228.1311 459.8761 208.1123
461.2447 206.6385 468.3392 203.6302
466.8811 206.778 476.92 207.4088
467.0075 183.0508 468.3716 185.4869
468.2439 188.7301 476.9292 190.3312
469.4231 231.7245 461.531 229.2005
470.2575 229.3909 469.3911 209.3743
470.975 183.9944 452.0984 166.6321
471.9008 235.1223 449.3958 233.9697
479.1164 206.8835 479.9 230.69
479.4692 231.631 470.6753 231.0767
481.9198 205.0647 484.9864 212.1513
489.0744 233.098 488.3278 206.8692
490.6078 207.1599 524.3856 209.1991
502.8347 211.8859 503.4425 228.1131
503.1054 197.2549 528.1677 198.5457
506.8776 232.0897 489.3503 232.2985
508.099 230.7095 507.2643 218.0992
508.1971 236.7691 496.9126 236.1688
512.571 211.8694 512.721 230.6082
517.4719 230.6611 516.4305 211.8305
525.5874 232.8763 507.9242 235.5468
525.7448 209.4296 526.8925 233.1846
527.7548 207.5825 531.0214 212.8806
529.3356 198.7808 593.0811 202.6067
534.8592 233.1077 534.0086 209.3434
535.6471 210.1571 559.3782 209.4877
547.9393 214.3804 548.3745 229.404
557.0909 213.1196 557.5016 229.3907
560.5281 211.1781 580.5374 212.2539
561.3744 229.4333 560.8723 214.3668
577.5681 168.8039 584.7871 177.5654
578.1592 214.3739 578.74 231.8546
581.8284 211.5242 590.6842 211.9832
583.6527 232.0034 582.5836 215.5789
584.858 177.6162 598.3307 190.4084
587.1849 220.6135 587.6047 231.8944
591.8723 233.1832 591.0551 215.605
593.136 202.7248 614.4044 203.3125
593.4169 172.289 597.5939 167.5023
595.6282 181.9345 604.4203 181.4531
599.5467 213.1076 600.2 219.545
600.5714 220.2451 603.7514 240.7218
600.6025 237.4691 538.0502 235.1009
601.6954 189.5975 594.7097 183.9603
601.8054 171.1976 638.3121 167.4447
605.403 181.7708 617.9177 184.1951
608.1523 207.6752 371.8617 193.3447
635.5541 212.6099 626.629 213.839
0.41562 296.9588 13.3949 294.6284
3.7365 268.138 3.6084 261.8398
3.9146 261.5542 6.4454 255.9988
4.6362 282.9894 3.4024 269.238
5.9553 299.6124 13.4711 302.0641
8.125 308.125 8.125 328.125
10.3895 249.6696 33.0529 244.0826
11.1595 256.9085 1.9356 251.7664
11.2024 276.3455 7.9451 280.4834
11.7007 304.3792 12.4485 335.6113
11.8409 261.8521 6.2266 270.1883
15.1501 254.3805 14.9823 278.1293
20.5561 295.2838 43.387 290.6723
21.5616 303.1277 21.7547 325.626
21.6319 249.3486 21.7636 254.3779
21.7537 287.4417 31.6635 285.6831
21.875 255.625 21.875 273.125
25.1797 259.3495 25.4972 269.3791
25.6644 298.4053 13.0622 300.1783
25.72 305.625 25.7212 320.625
32.4297 271.8775 32.5146 253.1222
33.486 248.86 21.9611 250.1462
39.4118 299.3744 39.9082 329.3869
39.6651 276.8798 40.0743 251.8864
40.571 242.876 56.6097 239.4006
41.9595 247.4577 51.9311 246.0123
44.4484 296.9929 26.798 297.9396
45.4715 289.3242 57.403 253.2999
48.209 243.7742 41.9029 244.5905
53.3832 256.9306 52.2984 261.9662
53.6192 286.3558 46.9484 296.0667
58.1038 240.376 75.6224 240.7471
61.9738 257.9609 53.9492 286.4022
63.445 249.4214 62.1499 258.3463
65.8058 274.3914 66.0918 249.366
66.865 297.4532 111.8948 298.2314
68.1003 246.1344 76.8902 246.5608
78.2558 260.5719 77.6582 273.1622
78.3501 276.2201 67.0684 275.415
78.4018 248.1315 78.1357 259.4048
79.375 241.875 96.875 241.875
84.5127 250.2175 80.479 249.8824
86.6352 301.8136 87.0231 308.192
86.8772 309.375 86.8821 320.625
89.0343 269.3764 88.9567 250.6267
96.3406 259.3557 96.6111 269.3821
97.4916 309.3612 97.2455 320.6331
100.6545 245.0773 55.5833 242.6498
102.7324 268.1285 102.5756 250.6187
103.3515 278.7982 77.1515 276.8692
111.9203 276.8681 100.6399 276.4617
111.9331 245.3897 101.8507 244.9954
112.8086 248.1334 113.5388 275.6472
113.3905 298.1434 113.9045 325.6571
117.5921 249.2919 115.8487 260.4648
119.3354 247.1978 112.8761 246.4062
119.9478 276.8746 119.9278 249.3746
121.9222 299.2087 153.1674 297.8479
129.2467 240.1974 153.1373 241.6758
135.5939 276.6044 121.7395 278.1943
137.9882 253.1238 137.8273 271.8832
138.8308 309.3692 138.923 320.6287
140.9392 273.1412 140.5929 253.1255
147.9149 256.8717 147.6581 273.1176
148.6618 309.3732 148.6989 320.6272
149.4276 277.5497 138.0442 276.5084
150.6276 301.3853 148.0007 308.0762
151.8736 299.6257 163.1232 299.6887
153.7758 269.3793 153.6586 253.1212
154.405 282.5357 129.4062 281.2623
155.6321 241.7607 202.0135 244.6591
160.6968 247.9104 120.6093 245.9461
163.1728 279.0182 151.8584 278.6814
163.2065 250.6548 163.9093 278.1688
164.1994 301.8774 164.537 326.8897
166.1839 251.8592 166.4314 260.6375
166.7623 248.5842 160.5779 247.0668
169.5797 278.135 169.7685 250.6277
171.8707 299.7316 210.6152 300.1934
179.3652 279.143 170.578 279.5154
186.3781 256.8678 186.5458 274.3781
187.0088 303.1201 187.6549 320.6423
189.195 274.3751 189.1876 255.6251
196.2484 303.1443 196.7885 320.6277
201.8862 283.9865 179.3689 283.3354
201.9169 271.9389 201.0529 255.6024
208.1429 244.5082 218.2955 243.1466
209.4955 280.2847 180.5329 278.0896
210.61 253.1475 211.076 279.3892
211.3423 301.8932 212.1956 326.9067
216.287 280.6047 215.4448 253.0923
216.8597 248.0401 233.2538 245.0913
218.2376 301.8167 245.7284 299.2192
218.8079 242.67 223.0661 245.7075
231.6919 260.6298 232.0837 275.6195
232.5986 303.1385 232.9521 316.8795
234.342 246.4608 298.1406 248.9794
236.8996 251.3187 168.1184 248.2742
240.5865 258.1246 240.3867 278.1351
241.2936 310.5907 241.8089 320.6284
246.3708 273.1367 246.1667 264.3624
246.8268 301.1044 255.4895 301.9745
254.3931 282.2457 218.107 281.4983
254.4189 252.5656 238.0733 251.2838
254.5813 255.666 255.6137 281.9246
255.9437 301.9059 256.7724 326.9198
259.4887 250.9617 255.5755 255.8305
260.775 279.3706 260.0424 254.3555
269.7182 256.8719 269.7473 271.8743
275.2865 263.1265 275.3347 274.3763
275.6026 276.373 285.6384 275.9255
277.1992 267.3503 285.4239 265.8048
278.1107 280.9805 263.0847 280.3754
280.6562 257.0644 271.3355 258.5996
281.7962 279.1295 277.669 280.4549
284.1498 263.2645 280.6593 257.6278
288.0797 304.1601 311.8204 304.6306
288.185 284.1999 275.6545 283.6727
288.8977 273.1314 288.6957 258.1173
295.8308 281.2551 281.9735 279.7299
296.9128 255.6243 297.4128 280.6393
299.3409 248.8078 319.3535 249.8061
302.411 280.6508 301.5061 255.5932
309.255 303.2387 310.5054 332.043
310.5937 281.4364 303.043 281.975
310.594 258.1261 311.3928 280.6421
316.2053 269.3672 316.3238 278.1324
318.052 304.3395 340.5693 305.0064
318.1739 260.6221 318.7673 270.6609
319.4693 249.5529 335.8127 250.9903
325.0247 261.7431 323.338 269.4218
328.1251 255.6229 261.8479 252.438
329.145 274.3535 328.8559 260.6096
329.4219 285.6705 310.6517 284.9398
336.2066 281.295 326.9809 284.6648
336.7912 256.8784 337.7999 281.9384
336.875 255.625 329.375 255.625
340.7992 304.4681 342.2044 320.7047
342.2615 255.0463 338.7869 260.2309
343.1823 260.6684 339.4084 265.6503
346.9387 283.0973 346.4382 259.3578
350.1025 269.3564 350.3259 278.1007
351.8591 259.4636 365.6138 261.9373
352.0758 286.2694 360.7614 283.5625
357.2925 247.9446 366.9826 255.4867
357.4397 281.9043 357.8962 273.1131
362.1855 249.392 361.189 194.3422
362.5598 269.3636 362.7684 281.881
363.0767 258.4943 344.3206 256.0409
366.8239 275.627 371.4688 393.1411
368.4941 259.351 368.2203 269.4116
373.2749 248.273 393.2816 247.1403
374.0945 251.8557 374.4421 269.3488
381.8902 272.0308 368.1494 273.375
382.9875 252.9576 388.0644 253.6023
387.9737 314.1935 394.1213 309.0706
393.0958 248.1263 394.2784 275.6292
394.3437 245.2784 475.6692 248.1009
394.364 277.3187 374.3763 276.8248
395.1081 309.3462 396.1468 290.7238
395.6016 290.5925 399.8492 287.5334
395.6201 280.1509 403.1277 280.1988
397.1563 287.9628 393.516 281.6495
398.2359 301.9421 398.9697 314.3989
398.6709 275.6317 398.4227 249.384
399.3752 318.2047 405.6252 318.2039
400.6226 250.4929 408.1431 250.3539
400.9947 285.5264 404.044 296.9633
403.0984 302.4324 410.6409 302.792
404.9867 281.7016 406.9055 288.4707
406.875 319.375 408.125 319.375
411.6658 319.8303 419.281 323.3296
411.8881 277.5453 396.8675 277.2053
412.5521 314.8625 422.488 323.6846
415.7101 250.9504 426.8656 251.9773
416.9005 273.5676 400.6666 273.0557
419.4122 271.9205 418.7057 253.1032
425.9591 274.0849 413.2577 278.5062
428.563 251.903 429.2958 273.1708
434.5679 250.3347 419.3372 248.4272
440.6721 273.1243 440.3319 250.6294
441.85 251.677 455.6219 252.0037
442.8995 298.6666 452.131 302.5102
445.378 318.2182 452.8062 316.6321
448.0962 249.0498 435.4738 250.1669
449.682 253.1157 450.175 269.3507
450.6668 270.158 458.1071 270.8248
451.4619 314.7689 438.672 301.3535
459.3864 270.5269 468.1635 271.5418
459.4489 296.7881 458.9762 303.1879
460.0956 254.2023 453.7886 256.5492
460.8349 307.98 457.6867 330.5639
467.1824 257.5769 459.3436 253.1809
469.8618 273.102 468.9159 253.0876
473.125 250.625 471.875 250.625
476.8379 248.2338 545.639 250.1146
476.8911 276.4159 441.8465 275.1878
478.0879 251.8767 479.1576 275.6909
479.4792 251.2386 474.4104 250.4089
483.7589 249.5567 480.3688 255.4783
486.1164 274.3575 485.3181 251.8859
500.666 254.3478 501.0352 271.8664
505.453 273.233 504.1172 255.6446
506.8891 252.8892 521.9102 253.7854
509.8886 256.8662 510.1243 270.6336
513.1191 298.2142 598.1285 298.586
513.8126 315.5222 512.8868 298.0713
515.2996 273.1472 514.0992 255.5585
518.2565 307.927 522.8777 310.9973
521.9543 251.5508 525.7811 252.4869
523.1273 276.6644 488.1039 276.2762
524.0444 253.1428 525.2585 275.7119
533.8625 299.3918 534.3141 313.127
534.4752 252.4628 526.5658 253.8113
534.5661 279.312 533.4761 254.3597
535.607 255.4116 601.8804 256.5615
535.6857 319.564 537.7148 345.7536
546.8671 250.1167 593.1252 250.6081
547.4259 256.8897 547.7944 274.382
551.3507 274.3835 551.0679 256.8679
556.1567 256.9079 556.9598 274.4284
561.1369 276.8488 560.1776 258.084
580.1031 259.3269 581.0959 274.3439
584.3839 274.3746 583.6843 258.101
589.087 258.1367 589.7429 274.3601
590.621 253.3837 535.6148 252.5359
593.9109 276.8985 593.0255 259.38
598.1262 316.5837 514.3753 316.5168
599.8967 299.4109 600.6985 315.683
600.9843 259.2741 602.1703 278.1849
601.8823 280.0985 535.6277 279.1826
604.2803 241.8832 613.0134 343.1346
607.9431 253.1411 604.7375 216.9536
608.8978 261.9561 607.5887 254.2537
611.9669 304.3677 608.6785 263.0809
613.8152 316.9165 614.3444 308.1232
614.3331 307.163 619.2635 300.542
616.8996 258.8439 629.3729 259.4215
623.943 294.4912 620.8685 283.0595
624.9367 305.7589 627.5602 319.2417
630.9936 303.6421 622.0029 299.1206
636.3528 315.3959 632.7925 304.0862
9.3216 343.6801 19.3584 342.909
12.2367 336.0063 22.2678 340.1836
15.3367 328.1301 14.898 303.1158
19.5978 349.3495 0.32871 351.0847
21.8033 349.3559 20.9188 410.6292
21.903 340.4384 28.1989 341.3818
27.5763 385.6294 27.2938 350.6216
28.6598 354.4545 34.5252 350.8708
29.3763 356.8463 36.9165 357.1755
30.1726 384.6465 33.7419 374.1595
31.8507 348.7886 48.1246 348.1151
31.9702 392.4923 39.6519 375.7521
33.3309 320.636 33.1587 304.3746
37.3367 369.4801 39.354 360.6202
38.2458 327.9535 18.0787 330.2115
38.2538 385.6735 33.0984 399.365
39.4904 374.4673 42.6604 370.5037
42.0517 370.6986 46.3411 360.4026
42.9854 360.5675 32.296 386.5337
45.5487 359.3278 50.5038 351.3239
46.2081 399.641 54.0662 382.4139
48.8988 345.6284 48.5891 301.8717
49.6774 382.8405 38.0062 386.4956
50.615 348.2202 166.8887 347.2164
55.0088 389.6528 50.2677 400.4684
67.0276 326.8636 66.7951 298.1155
67.295 368.2975 59.6201 386.9757
68.113 393.1206 74.0018 377.1993
74.2353 388.6094 69.9706 398.3849
83.9692 394.155 91.4337 380.3858
85.6795 369.4071 74.5885 388.2507
89.6911 320.6253 89.7076 301.8742
98.1344 398.4548 88.1069 398.7401
101.5433 394.2188 110.1319 375.9814
101.8816 325.7268 68.0305 327.9108
101.9818 370.6856 85.9951 398.876
102.8544 325.6278 102.598 300.6176
103.1267 365.6259 111.1001 350.882
103.127 331.1285 79.3724 331.2228
110.6103 368.068 102.9726 370.0322
111.3416 384.7455 104.9231 397.1584
111.8768 327.5593 103.1236 327.5826
119.818 393.3848 128.0582 379.3358
121.0435 325.6297 120.8956 299.3664
122.9885 366.8085 113.9303 385.4084
132.2053 380.6321 122.9562 396.7783
137.495 394.6429 145.5005 376.1112
138.2344 370.6841 132.115 382.0047
139.4226 397.1535 131.8795 396.7837
141.5083 320.6269 141.4117 301.8774
153.7901 325.6385 153.3585 306.8696
153.9183 391.6022 160.5152 380.5594
156.0787 368.3637 141.2486 396.5454
163.1329 328.0072 123.1125 327.7744
166.9615 395.1494 159.2781 396.0081
168.0521 347.7567 270.6764 345.1496
169.2982 393.9176 176.679 382.9926
170.8413 370.0662 155.9449 397.6222
170.8452 326.8724 170.5526 301.8612
175.7009 383.0474 175.2633 375.573
176.1107 376.3215 183.0108 366.7924
184.3919 395.1045 178.0874 395.2505
186.7379 391.4538 193.0062 383.0366
187.4363 371.4891 173.4893 396.3787
190.1691 320.6349 189.7864 303.116
192.6951 382.7172 191.0358 374.2941
193.9841 352.8928 184.2402 369.295
200.7209 394.0389 192.9134 394.858
201.9679 325.6439 201.6002 303.1295
203.2317 328.6427 171.9333 327.6097
203.3123 371.979 189.2265 397.3485
203.5665 392.8342 209.9863 381.5128
210.6252 327.5471 203.1248 327.549
210.7525 390.7784 205.9526 394.769
214.0632 369.3295 215.5191 359.3595
216.9253 392.4179 224.0048 380.4068
217.5242 326.8407 217.0944 303.0758
219.2117 373.7634 209.8696 389.6656
223.8897 380.2209 222.4434 373.011
231.333 392.8252 240.7939 375.7184
233.0344 373.0721 219.5067 396.2215
235.5237 320.6285 235.1738 310.5971
239.5497 385.7104 234.1475 396.7638
241.8178 353.0811 234.8135 362.2114
245.6201 325.5321 219.246 326.9147
246.2515 324.3546 246.483 303.1207
246.8759 331.0995 228.1236 331.136
251.2111 375.7452 241.7376 391.7939
254.4081 389.7531 271.8837 388.2249
254.5762 327.1982 248.15 326.6042
257.1363 366.6509 267.125 364.1066
259.1259 366.9263 250.9769 376.075
259.6829 362.0578 257.2416 364.7122
265.4879 351.8251 261.6924 362.2631
266.8074 366.4451 274.1761 371.6317
269.2567 399.6623 278.1817 399.1851
269.5547 345.063 271.6895 356.1425
272.6443 374.3324 273.3383 386.8632
274.7954 360.0576 270.8721 365.794
278.0942 344.7859 285.6299 344.5096
279.6079 388.6028 285.1249 385.9131
279.9174 398.008 281.3589 389.2897
283.0961 348.0818 278.4844 351.1629
283.1871 332.4093 286.7767 323.594
285.2758 343.1942 283.0367 331.8925
287.8842 324.3952 287.5957 303.0983
288.164 360.7693 311.9088 360.419
289.648 340.2428 286.1814 349.1037
290.1474 383.1948 289.1834 359.3322
294.5878 330.3966 289.2966 331.4987
296.5351 364.3842 296.9083 378.1241
296.7526 335.9804 285.5412 332.1184
296.8271 385.1969 302.128 377.4434
300.9182 328.1764 299.7722 306.8537
300.991 378.174 301.4095 364.3609
301.6433 396.996 296.7379 387.5991
303.1421 375.4345 310.6935 376.1111
307.0408 390.0847 303.5514 397.0874
308.1213 330.3991 300.6233 330.5204
312.7873 360.6125 312.5907 385.6306
313.1035 334.8986 296.8308 335.3792
316.2955 395.7483 314.1521 385.6724
319.3766 334.375 318.8779 304.3625
319.4853 360.9951 341.9521 360.132
321.9925 380.6144 320.0751 359.312
322.8119 385.8267 320.6439 395.8981
323.0888 396.5416 329.4276 396.7917
325.8192 384.3553 326.6 392.0301
327.3409 364.3697 327.5407 381.8674
330.7755 378.0349 330.25 384.4467
331.0995 395.7404 329.5896 385.5931
331.784 378.1271 331.7606 363.1252
333.3825 381.3219 340.9813 384.8597
337.6898 364.3614 337.5327 369.3955
338.0863 370.6082 333.6478 380.8516
339.387 330.8741 323.1094 330.679
341.4157 386.7758 339.757 394.4575
341.5645 321.7839 342.7995 334.5277
341.8617 334.9215 320.5957 335.3224
342.5915 359.4674 343.3669 374.4272
345.6317 378.2262 346.7516 391.9868
353.0735 395.0968 362.1031 394.2172
363.382 398.1236 363.4884 418.1297
366.7088 398.0404 365.4406 400.5311
368.4739 393.16 363.6258 268.2026
373.142 383.5544 444.3795 380.7396
381.8363 393.0253 391.8997 392.7371
387.9438 360.5994 387.4736 318.0907
392.7233 321.8538 393.3807 348.1499
396.7442 392.4991 408.2 391.7004
398.7234 331.9004 398.8846 328.1042
399.1844 326.8896 399.2883 319.3738
399.6557 348.1061 398.6455 333.09
407.2218 320.6032 409.5062 357.0236
410.6292 360.9887 388.1178 361.2464
411.0075 398.1382 411.2538 414.3844
413.0004 391.7185 424.4924 390.7002
414.375 399.3752 423.0907 399.17
414.6218 338.7347 410.4992 331.9514
419.7157 351.0829 413.2904 347.6621
421.9371 345.5302 416.7198 342.1119
423.1057 399.0936 440.6944 397.8855
424.1627 323.2945 435.704 321.027
426.9227 342.9105 461.9635 341.2963
426.9327 349.6115 419.2784 351.479
429.2972 390.9209 440.6754 389.993
431.9024 345.0941 421.8002 344.5723
433.2757 344.3772 433.2009 349.4133
436.0454 321.7812 440.8892 325.2568
438.0977 337.752 450.6222 336.8368
441.2809 330.4546 443.4591 322.8622
441.7971 398.1061 455.6484 397.2562
443.1231 354.9702 413.1234 355.0568
443.2122 349.9758 431.8389 351.6263
443.623 322.3025 444.9179 317.0078
445.5974 389.9171 455.6309 389.5267
445.6271 380.6876 489.3701 379.2266
446.6057 336.0454 416.58 331.2044
447.5301 323.423 444.7455 329.5435
452.9472 348.6406 448.0935 346.9663
454.1064 331.9092 453.2829 325.4456
460.873 344.0501 464.4481 346.7793
461.8239 389.5407 475.6023 388.892
465.011 396.8687 465.1339 409.3676
467.1334 351.6431 443.0543 353.4117
470.6184 396.7108 500.6201 395.503
473.619 341.6656 475.3473 345.7427
474.7481 346.3648 479.7928 350.0537
475.6254 388.4734 486.8754 388.46
475.6526 327.9541 474.0859 339.1598
479.1351 341.6988 479.8068 345.5497
479.4412 354.0754 467.2595 351.3844
480.5772 333.2467 479.4987 321.7462
480.5932 321.2836 494.3602 321.5128
484.1729 330.6094 484.4529 349.3738
484.3577 351.5482 493.1281 351.7123
489.9012 328.7492 485.2415 324.8311
494.2282 388.1096 503.1482 387.0748
495.1336 321.9781 497.2817 358.249
496.9062 378.1687 507.9117 370.3256
496.9615 357.142 481.9398 356.7687
505.0148 386.8645 504.9504 390.6134
508.0041 379.1975 517.7411 372.5616
509.8561 387.9183 522.0654 382.2878
511.8102 398.2194 516.1086 401.1706
514.3893 320.7287 535.6369 320.5042
515.1278 346.8453 514.0393 319.2895
516.8828 378.1272 516.1464 380.7703
516.9811 399.3531 519.0648 409.4391
517.1265 391.8349 518.7417 401.9759
523.0345 326.8905 523.4852 329.5271
523.4781 330.6351 523.2635 338.1646
524.0803 381.4706 532.3381 372.1413
527.4443 341.9323 525.8599 323.1052
528.1258 388.1758 538.1427 388.0208
529.3739 348.3579 516.8742 348.2999
532.285 372.9384 539.6535 370.0974
532.4793 367.1555 530.951 356.8268
536.6943 365.0744 544.3304 367.0476
538.8367 378.5512 526.3395 386.7183
539.129 355.1383 536.8119 362.2611
543.0392 364.12 546.7855 362.859
545.5482 361.6354 550.8092 359.95
546.4336 385.616 546.6366 375.6201
546.7249 364.1472 558.1114 362.9908
547.9778 375.4117 561.9683 365.7603
549.0231 371.3043 544.8418 373.8821
550.7851 352.8004 557.3001 356.0128
558.0453 328.0065 566.9656 322.0097
558.3984 348.1069 557.0673 328.0294
559.1831 361.8614 560.0751 349.2477
560.622 328.9828 591.8742 328.9263
561.259 331.805 563.0764 348.2684
561.8746 364.3661 574.3516 363.8301
564.0097 397.168 569.6272 404.1727
566.6555 323.1939 578.2036 321.0476
570.1641 348.2162 569.2934 331.8793
573.6563 346.873 573.6991 358.1276
574.2543 362.7603 578.0069 361.5182
574.3832 331.8755 573.7982 340.6698
575.7687 364.6696 584.8325 360.2498
579.3116 320.8282 596.6797 326.2506
581.1904 364.3773 581.2963 395.6312
581.6476 350.6234 581.5956 358.1317
585.7737 376.1292 600.5905 371.7578
586.8242 361.4433 604.5205 359.3627
587.9302 331.8675 587.4472 344.3488
589.3874 325.4059 571.8728 324.4139
596.6909 328.0593 597.6219 343.156
599.3633 344.7952 611.8784 344.6187
600.6201 370.3485 620.636 369.989
604.3479 348.2435 583.1101 348.7521
610.2045 343.159 601.7047 238.1388
614.2856 357.1907 621.8846 359.3412
615.6219 323.6674 624.3718 323.6298
615.6776 343.1206 614.1156 324.2928
620.6172 344.4278 630.6249 344.363
620.7848 370.1166 638.2541 371.7042
627.5571 322.3727 632.5453 318.6071
630.3396 322.2029 634.5159 324.0576
638.1354 332.5921 621.8672 332.2754
638.1768 346.7254 604.3839 348.314
0.53167 424.447 16.8771 423.152
0.58639 401.1025 15.6737 400.3484
0.60075 412.5891 15.6265 411.9092
14.4554 458.8474 3.2055 460.099
16.7212 429.6579 31.9328 427.2386
17.9743 413.1229 18.8784 349.3503
18.2034 444.9813 0.51429 447.2689
18.3311 444.2721 16.5979 461.8477
21.4025 465.5188 19.4105 474.383
21.7412 411.9664 168.095 403.8359
26.8619 422.4315 33.1333 422.3132
27.4935 400.8801 32.186 389.5033
36.9553 442.788 26.8139 443.6798
42.9512 438.1773 42.306 420.6092
43.0751 477.6432 58.1721 476.0793
46.8362 421.19 130.671 416.4358
47.9829 428.9472 59.2363 425.2077
56.8852 443.3205 45.6242 443.2117
57.0391 400.0389 46.7413 402.5843
58.1731 414.6902 45.5848 416.6114
61.8713 425.7442 66.9052 425.9001
67.0245 441.5034 59.3221 442.8145
68.1048 422.8619 48.1263 424.3923
71.7294 427.074 94.4855 423.9226
89.3641 421.7057 74.3459 422.6736
89.44 430.0479 73.101 431.6271
94.3758 439.5296 70.6266 439.6597
100.4961 424.2054 123.0373 422.1587
110.8055 436.2065 102.1168 438.9038
112.724 453.1717 113.2798 443.0648
113.2668 441.8817 113.3028 434.3759
117.7587 434.3453 116.7453 446.8645
126.8852 436.5898 119.3607 436.54
130.8223 437.7651 126.358 435.3182
131.8359 416.25 198.0613 412.1063
132.6785 421.81 131.4058 430.5567
136.2266 433.1805 137.2659 421.911
139.2742 421.6325 146.9082 421.1168
147.0491 434.2969 137.7612 435.6771
149.2986 421.0523 165.5247 419.5451
164.4024 417.197 150.6458 418.3694
170.6136 418.9052 188.1336 418.4811
171.8368 403.6371 206.9368 401.8185
186.8422 415.3324 171.8902 417.0108
191.8853 432.0362 148.0746 434.8359
195.5834 417.6457 214.4085 416.0106
198.1554 412.2799 213.1647 411.1535
211.8385 401.4179 228.1078 401.0699
212.9645 411.9234 228.1937 409.889
217.0761 415.6466 216.2667 423.1938
230.5976 418.632 246.9176 418.0301
230.6176 410.0562 239.3801 410.1514
230.7079 428.3514 221.9143 427.6395
231.8482 400.3083 249.3696 400.8118
239.3899 409.6229 281.8863 407.0619
248.043 417.9425 258.2324 413.3639
250.6455 400.938 261.929 400.1982
270.5932 435.0333 286.8634 434.1598
275.6169 428.0523 270.5406 428.6176
276.1748 425.6117 276.221 431.8706
279.3624 436.7541 266.8681 438.0594
283.1763 407.5608 299.4288 406.3445
288.0461 445.3504 280.1228 447.6278
288.1339 434.3909 293.9716 431.1487
295.294 415.6628 296.2956 424.4411
298.123 428.1708 284.2915 427.5803
300.6201 405.5603 313.0483 404.6157
302.9063 413.3749 309.6537 411.899
308.7394 426.0211 311.7572 429.4778
310.6918 413.6775 337.1594 410.4774
312.4799 459.3546 304.0097 463.6555
320.6132 404.6809 329.3983 405.0195
320.6721 423.4775 311.9114 424.6476
321.8053 423.2587 324.2838 424.55
323.0306 426.7491 328.832 422.4006
331.5121 459.426 331.9504 451.8074
331.7657 449.3795 331.3047 438.0972
331.874 428.5234 313.1274 428.4741
335.5992 403.823 361.9085 402.591
338.064 408.6682 355.5418 407.1606
339.4615 445.9576 344.4968 449.6595
341.8661 453.3011 348.1631 453.6177
341.89 444.5727 348.1985 444.0938
350.0298 434.1635 356.3523 437.7871
363.0208 422.6702 356.8105 424.0935
363.1304 427.0929 333.118 427.8428
368.1456 402.2157 409.3961 399.7246
368.9123 426.866 368.692 438.1361
369.3424 417.8929 366.266 401.7528
370.342 421.23 366.8286 426.8459
386.7406 421.0689 379.2407 422.319
394.4458 443.7124 376.8792 441.8352
394.9883 430.7638 399.0341 432.6185
397.6797 421.5089 387.2234 424.3897
406.9705 417.9353 394.3886 418.4554
411.7667 424.6924 404.2848 422.1393
413.1651 403.1119 416.726 414.0154
415.6658 406.366 436.8516 405.1998
416.9265 421.1113 409.3765 420.6024
422.6573 418.728 429.1363 414.0447
423.2799 414.7801 414.3953 418.1782
429.4571 419.7517 415.2903 422.8398
431.2769 414.3133 432.0032 421.9813
436.7358 415.1714 439.4592 421.8406
438.1282 403.1593 456.8335 401.4265
439.2672 400.1113 427.9893 402.4785
450.2769 419.0746 445.1363 425.0319
453.051 428.114 454.2022 420.4123
455.2248 422.3828 452.7919 414.4775
457.2248 400.6741 464.2259 395.4261
464.4778 419.6666 458.0338 418.9757
469.297 414.9956 455.6061 413.275
469.5252 410.7026 468.9047 401.9082
470.2711 413.0514 468.4758 421.6881
470.6712 402.934 478.6136 404.856
477.941 404.0265 499.6231 401.5311
489.6476 415.1279 470.3002 416.7493
498.2998 414.4016 488.3158 415.7684
499.3162 400.0593 510.5746 398.8896
500.7479 420.2466 490.5972 421.678
501.4397 419.7541 506.1526 425.1656
502.9235 418.9268 508.0179 416.6368
503.2535 416.3376 496.7637 417.5078
516.723 467.1588 522.6208 470.3166
516.9696 420.3128 509.0596 417.9156
523.0475 407.1069 520.6057 393.1284
539.3942 412.2913 525.5583 412.929
539.9409 400.638 540.3144 384.3966
549.433 430.7351 543.9735 433.6135
556.8773 444.3997 566.9064 443.4602
558.1227 475.8741 569.3718 475.9764
583.4196 419.3599 584.1919 434.3844
586.8605 452.8185 575.6356 453.3494
594.371 401.8317 625.5809 398.9052
604.3588 462.878 591.8307 463.6977
605.8729 447.563 610.9815 449.817
607.0092 465.0955 619.3501 468.2233
609.353 451.7288 599.2067 453.2585
609.3863 475.8315 590.624 476.8554
611.9 433.0372 600.8338 429.8906
621.871 462.618 606.8719 462.7381
626.8022 470.2705 610.558 468.9492
629.2841 400.1752 638.1761 398.3781
632.1865 405.5179 633.5698 425.6802
636.7531 412.9967 637.6113 420.5412
