267.9308 79.2076 330.4138 84.4108
388.3982 73.1225 388.4894 83.1331
0.042636 154.7676 3.5318 159.9434
16.875 159.375 16.875 164.375
17.7634 151.7082 23.6142 139.0241
20.7736 138.1942 16.0534 148.3246
248.4451 158.4848 266.526 79.5815
256.875 159.375 258.125 159.375
258.9929 125.2068 253.1203 148.1238
260.4669 115.5795 260.1439 125.569
261.2203 158.1244 261.2077 171.8744
264.4603 124.7126 256.2853 157.042
265.0879 136.9244 266.3798 118.2638
265.8694 118.4433 275.7834 110.8313
266.5394 151.874 266.4839 170.6238
268.0472 85.8927 261.2271 115.7625
270.9063 116.8301 270.2075 131.9136
273.0845 128.1233 273.6054 115.593
273.8035 139.0177 280.3639 134.0314
276.0819 113.0947 277.1642 129.4386
277.7275 145.6161 277.4194 159.3872
279.6756 159.3843 280.1406 144.36
284.1808 141.8421 283.7534 160.6108
330.6031 84.3588 380.6317 85.2467
371.3221 137.2434 378.6211 132.666
378.7615 131.5708 395.8092 124.8416
382.2946 83.1564 381.9129 73.0762
385.5159 134.2535 387.533 153.1881
389.3472 154.9837 395.6412 155.2714
389.3592 84.9851 403.1626 84.6433
397.1276 153.1202 396.8421 138.1256
400.3423 123.6609 417.6447 132.7857
400.4142 88.2051 401.4022 90.8047
404.5067 83.101 405.3896 87.9399
405.4579 87.8656 408.636 95.4097
408.7908 95.1948 431.0046 144.8967
409.1145 153.1481 408.866 136.8828
418.5898 127.969 420.2247 132.8398
430.6423 145.0774 569.4117 149.4614
568.5879 150.7924 597.4589 166.8245
3.0794 213.2356 24.956 222.2487
11.7755 166.5238 16.911 166.2047
13.8847 228.6448 0.36881 215.8966
16.8836 200.997 45.6183 200.3346
20.9549 205.1339 27.8584 209.7718
21.3453 163.9849 22.4394 169.5108
21.9588 197.4612 0.57622 194.7614
24.1924 211.8658 23.8102 219.4097
24.462 168.6496 33.2357 169.702
25.6155 194.9582 36.8829 195.141
25.6256 221.5539 46.8755 221.594
28.5368 218.1308 28.6435 210.6146
29.1882 162.9326 25.4448 166.6958
31.5969 165.8138 37.8214 174.9825
33.3313 189.0665 26.8449 190.4877
38.1133 174.4789 71.9968 178.2925
38.1319 197.7939 23.1124 197.482
41.8488 224.2854 29.3242 227.9513
46.868 181.6253 56.8736 181.5785
50.7775 218.0832 33.3726 216.028
51.8523 197.2166 64.38 198.0506
58.0905 222.5468 73.1151 223.3185
61.7924 189.73 74.4778 192.6834
63.067 219.4599 51.8382 218.9724
66.7215 182.9151 76.8694 184.4132
70.4862 176.1438 81.0666 178.9745
82.9201 178.0134 93.622 186.2275
90.5501 182.4809 94.3935 182.0341
94.4402 180.8851 102.0865 178.9688
96.5925 173.5939 98.0622 174.4793
109.6244 165.0805 114.8169 172.4448
109.6429 165.8496 106.2492 169.8982
111.7125 175.3903 119.3941 174.5497
114.1281 179.4974 121.1369 177.9627
118.1061 226.6752 128.1478 226.856
120.0949 178.7223 129.5077 171.0774
121.7923 180.6248 121.7574 194.3779
126.872 196.0859 134.3797 196.134
127.1224 210.1474 119.5942 212.5592
130.1949 170.3193 145.9185 177.4807
133.0396 174.2445 122.6022 181.0763
137.2885 210.8328 135.2701 226.9868
139.0588 226.4295 141.5665 210.5762
139.6319 178.3733 131.9931 176.4146
141.2387 195.6127 141.554 179.3688
144.2529 228.534 153.1778 227.2387
144.5296 205.9966 136.1838 209.4683
145.1685 180.7007 155.6477 184.3092
146.2497 215.5443 144.919 225.8565
146.7593 177.331 157.0865 175.826
150.63 228.078 178.1274 228.1315
157.6465 225.6581 158.2368 211.8798
158.0789 176.1512 206.9492 173.0411
164.2621 211.8791 164.7647 225.6564
169.3957 202.8147 206.8775 201.9887
178.144 209.0299 149.381 209.1907
178.7946 205.9021 181.2031 210.9458
183.0803 224.9029 187.7612 214.2157
187.2558 211.504 178.1271 213.1367
193.239 207.0069 180.7211 208.0395
207.1968 215.9243 214.7702 208.5297
207.7987 172.16 226.5204 193.5929
208.1937 201.9988 213.0774 199.2891
209.6116 206.8315 189.199 208.7973
210.0836 207.3896 214.3059 204.2811
226.9312 229.4621 188.1509 227.5893
227.1476 194.0343 244.5237 207.9392
236.8054 213.1173 234.8529 230.6781
236.8751 230.524 249.3765 230.5383
238.9861 209.6538 242.7949 214.9654
245.9929 220.8795 253.0989 210.6069
254.6886 208.1397 253.6923 229.4016
254.9624 230.813 263.1677 225.6935
254.9643 182.9513 256.8893 175.6288
256.3105 176.9094 257.1293 160.5751
256.3754 183.7718 254.5458 189.4302
256.6274 208.1377 255.7224 190.5556
257.2043 183.6919 263.5065 180.0319
258.0779 221.7917 263.4719 218.7376
258.125 174.375 259.3752 173.1252
260.9113 174.2462 260.2112 179.4867
261.467 190.5721 259.3533 206.8722
263.2153 203.1259 263.3423 190.6272
263.5359 169.373 263.4685 155.6233
266.0652 205.1121 261.8085 211.8329
266.5926 185.5947 266.2215 204.3868
271.4553 229.3838 271.2975 221.8609
272.3672 214.1916 278.4709 211.3746
272.3829 181.4971 281.0912 176.4254
272.4037 200.6353 272.7705 181.8681
272.5978 166.9016 273.3816 145.6345
273.3243 173.4235 280.8208 168.4182
276.4162 221.7802 274.828 229.4686
277.3083 180.5475 275.7583 196.8876
279.5759 194.376 279.6528 179.3764
279.9885 162.6868 276.7052 163.9247
282.818 218.1035 282.6617 229.4032
283.1213 160.6234 282.0113 163.1841
283.2878 197.1754 274.3484 202.0188
283.4496 175.6159 283.2397 196.8638
285.5081 231.918 293.1715 232.6107
288.0215 230.6245 288.0956 215.631
288.1292 195.6799 289.0583 174.4706
289.0742 173.6044 296.8529 170.5683
289.1991 215.1897 298.4577 211.4482
289.6709 207.6553 311.8288 199.2531
294.4849 215.453 292.3737 229.4502
295.0641 173.0018 293.9466 189.4309
297.3844 188.138 297.8611 169.4001
298.9819 172.0141 267.1968 82.2035
299.3658 174.3756 300.5163 193.208
299.8089 210.6171 299.6144 230.6395
299.9362 192.5775 291.8889 195.6614
301.9141 234.5631 312.5967 247.5304
303.3735 231.8738 303.2557 208.1243
305.4845 208.9485 315.6201 205.6103
306.2881 211.8534 305.8278 224.3824
308.8955 223.1445 309.2127 210.6209
311.7979 198.1599 299.5599 171.1068
315.2975 228.9225 308.5946 233.7738
315.3688 208.1222 315.1478 228.1335
319.77 230.6271 319.6483 253.1265
324.3654 194.8747 423.1269 196.7763
329.8384 231.4609 321.586 229.1629
330.0328 208.1183 330.2365 228.129
330.625 203.125 354.375 203.125
331.875 233.125 333.1252 231.8752
332.9181 221.8834 332.3571 208.1054
334.3751 226.8751 333.1249 228.1249
334.4614 227.957 340.3051 233.4644
336.8749 226.8749 338.1251 225.6251
339.7728 206.901 340.4604 229.4182
341.8809 234.0069 328.1345 233.7857
343.7656 228.1261 343.802 206.8762
350.8929 222.711 357.9299 230.9769
351.0562 208.1315 350.8476 221.8784
351.9972 230.223 345.2323 228.1674
356.0737 211.8594 355.8778 221.9043
356.0965 204.1974 354.6176 210.6804
361.2579 233.1504 361.6454 204.4056
365.6282 204.1701 384.3737 204.4601
370.2256 208.1365 370.8734 230.6538
370.7362 229.5844 363.3208 228.7922
373.1387 199.5047 323.1476 199.2153
374.2565 230.6249 374.2678 208.1249
381.2583 210.6172 381.1159 221.8812
383.1968 230.1946 375.4941 228.9098
385.0704 229.3906 384.4736 208.1222
385.6143 207.3805 394.3868 207.5664
388.127 234.1151 343.1201 233.7745
389.2531 234.1715 395.1364 230.6453
391.9822 230.689 385.5709 231.2119
396.438 206.8787 396.6375 230.6375
404.9086 208.6474 397.8076 206.9642
406.4365 230.6197 406.2822 206.8707
408.1208 208.0793 433.1369 205.7528
416.4117 210.63 416.6016 228.128
424.3458 196.9588 570.6352 200.1583
425.2806 216.7508 427.0328 229.5248
426.7159 229.2189 407.9236 231.346
426.9762 209.1858 425.7404 216.6881
429.8802 229.3765 429.9414 209.3767
433.8568 162.0623 438.8307 175.8217
436.6996 210.6169 436.1244 223.1479
439.454 231.3815 430.9226 230.0159
440.6148 208.4105 449.3982 208.7233
441.0124 229.4071 440.3148 210.6365
441.8828 235.0574 416.8704 234.7152
450.6828 231.7878 441.8952 231.4078
451.4046 208.1342 451.8671 231.8995
460.1467 210.0871 452.7798 208.2913
462.7084 231.8774 462.778 208.1277
464.3476 208.9554 489.404 207.3194
471.9634 231.6773 464.2031 232.3293
482.1463 210.6295 481.8313 229.3952
483.1957 232.1792 473.0654 231.4221
485.8022 230.6263 485.9536 209.3773
488.3657 230.8157 489.3209 235.8714
493.0384 210.6265 493.3441 228.1212
496.8672 209.6124 505.6487 209.8989
496.8813 236.2919 473.1206 236.0349
496.9515 230.6226 496.3161 210.6031
506.9531 232.6205 490.5686 231.8912
507.2448 208.1156 507.88 233.1629
515.1052 211.1537 509.0798 208.9218
517.8736 231.879 517.5161 209.3648
519.3094 209.5399 530.6509 210.0661
534.3817 208.0559 560.6289 210.5842
536.0778 211.8611 536.578 228.1341
540.4465 230.6401 540.235 210.6291
547.4981 211.8749 547.4957 229.3751
551.0089 228.1524 550.4932 211.8396
560.5258 211.2667 578.1683 208.3903
573.865 211.8911 574.4152 229.3737
578.2263 231.8723 577.6931 211.8865
579.0425 211.4634 583.1451 208.1499
579.3641 200.0824 605.6271 200.4889
579.4239 235.332 519.3654 233.43
584.1988 208.8737 596.879 211.8579
584.8895 211.8957 585.3821 229.3818
589.0574 231.8847 588.4843 213.114
597.3677 167.2322 614.9611 201.5747
598.9481 210.6271 599.0515 231.8766
599.298 233.633 579.126 235.7276
603.4647 229.3537 610.3746 339.3907
604.3871 205.1113 374.3382 199.6854
605.1837 205.5713 602.3175 229.1246
606.813 216.8292 610.5273 211.8028
608.4563 236.8073 605.8552 224.0727
609.862 225.5893 610.6895 236.8703
611.3364 219.3266 617.4379 215.7144
611.8236 213.1501 608.1395 205.6179
613.2241 235.6252 613.2491 225.6253
615.864 221.8671 616.2764 234.3947
615.9325 199.7431 630.424 187.6379
618.2383 215.8488 625.7187 212.06
618.9752 234.346 618.507 220.612
621.7734 219.3795 622.3347 231.9104
621.8271 210.5478 625.0955 208.5211
625.3007 230.6411 624.6788 218.1099
626.4203 208.9167 630.8103 204.5618
627.3635 216.8603 627.7404 229.3866
627.6483 214.5732 613.3245 221.0652
628.5554 238.1379 629.048 269.3802
630.4108 187.9145 639.0952 179.0786
631.5806 232.0511 630.0003 218.1962
631.9383 204.3968 636.6942 190.5628
638.2045 214.5586 633.0125 214.8464
0.53233 293.4985 31.8942 295.2886
2.0953 270.6426 1.9024 259.3745
3.1259 244.7726 11.8758 244.753
9.1351 296.8734 9.0265 313.131
10.5349 255.6207 9.8106 270.646
11.4164 313.1153 11.7591 296.8726
11.9144 253.3204 0.13514 255.6926
12.414 270.5909 13.1316 255.6253
19.3611 245.2021 36.8772 245.4958
20.2331 256.8713 20.1043 270.6318
22.0646 316.8789 22.477 296.8616
23.2887 278.701 0.52806 276.7642
23.4634 274.3798 23.7118 256.8656
31.8818 319.7452 0.60472 319.5038
33.161 276.7995 23.1344 276.5274
33.3099 295.6013 32.7807 319.3394
34.0919 253.1282 34.345 275.6394
36.8666 250.8378 3.1201 249.4992
36.8825 245.849 61.8781 245.931
40.2646 318.1447 40.7626 295.6557
40.8498 276.9049 41.3311 253.1393
41.9407 295.6595 64.4457 294.5089
42.468 249.1506 36.6379 256.6917
51.5465 261.8712 51.3884 275.6338
51.5871 298.1165 51.0342 316.8871
53.1192 278.1783 42.9671 277.0659
53.8621 314.3776 53.9236 296.8778
61.3745 298.1147 61.0401 314.3835
62.478 255.6435 62.0953 268.1317
63.1466 251.3034 45.6243 250.6426
63.6879 315.61 64.0689 298.1183
64.4164 273.1261 64.8417 256.8872
65.5071 294.9917 84.2612 296.1764
70.632 278.5964 49.3773 278.6827
71.6255 298.0527 70.8385 314.3853
71.8027 247.4406 89.4649 246.7801
72.6499 256.8476 71.9271 269.378
73.9248 318.1218 74.0498 300.6316
75.0033 269.3855 75.2325 255.6185
84.4308 278.3055 75.6395 277.8465
84.6197 296.8652 84.4007 319.3631
85.7762 254.3618 85.5062 276.8736
88.1536 252.138 68.098 251.5571
91.2224 318.1542 91.5587 296.8898
91.6436 278.1514 92.26 254.385
93.1156 296.7215 114.4388 295.4221
93.2749 250.7764 87.6542 256.4048
95.2337 246.5134 102.1665 247.7819
101.8152 301.8736 101.4378 318.1439
102.5663 263.1141 102.2982 276.8832
103.1039 247.2242 136.9568 249.2716
103.1419 278.366 93.1149 278.4794
105.1288 274.3832 104.8585 258.117
111.7084 298.1201 111.1889 315.6417
112.4954 256.8922 112.1138 270.6316
113.9229 315.6189 114.1407 299.3719
114.7641 275.6211 114.8494 256.8772
115.5173 296.0378 133.1054 297.1772
121.6234 298.0564 120.8201 315.6339
122.0944 258.1331 121.4052 276.8577
124.2686 318.1379 124.114 301.8656
124.4805 280.8115 101.9703 279.7852
125.0081 276.8665 125.1794 264.3689
133.1443 279.142 124.3632 279.0275
134.4471 298.125 134.4506 319.3752
134.8611 256.882 135.0547 278.1416
136.9129 253.3589 95.627 251.8207
137.0551 256.7729 142.5629 252.4146
140.1842 247.0913 145.8037 248.7806
140.5776 279.4045 141.1297 256.8874
141.9295 297.7798 173.2166 295.8943
146.6677 247.8378 170.6754 250.0872
150.6013 299.3755 150.9421 316.8688
151.1614 266.8877 150.8949 278.1314
151.4091 258.0947 150.8323 266.9697
153.6655 270.6455 153.3391 259.3688
160.1913 259.377 160.148 276.8769
160.2095 299.3655 159.8669 314.3862
162.4521 314.386 162.6186 305.6154
163.0333 275.6249 163.0498 259.3749
169.9735 260.6324 169.8036 274.3803
170.6301 250.0317 186.88 250.077
172.5222 318.1199 172.6806 299.3712
173.1652 271.9464 173.8628 259.3466
180.6452 319.8282 141.8866 319.4457
181.8865 280.64 141.8667 280.2685
181.9088 254.6172 144.3671 253.3597
182.8655 256.8776 183.0944 279.388
182.9557 298.1023 182.616 319.3669
185.758 254.0595 186.384 259.2841
188.1127 250.3822 226.8722 250.8561
188.9057 278.1374 189.2233 258.1425
199.0412 264.3703 198.8648 276.903
199.4554 258.1179 200.451 269.3904
203.1239 275.3358 216.8786 275.2819
206.4197 257.6973 201.5809 262.8488
208.1371 261.4237 214.6184 258.7053
208.6874 260.9556 204.1269 268.7139
218.3087 258.1833 215.2148 267.9346
219.3004 300.0339 244.311 301.0118
219.3777 255.5665 189.3838 254.1835
219.5186 280.972 190.5639 279.0415
220.7485 278.1269 221.0538 258.1316
227.0813 255.0264 232.3206 256.8318
229.3522 251.2061 241.98 251.7022
229.4159 279.671 221.8762 279.3478
230.0213 256.8716 230.1388 279.3775
230.6925 304.8669 222.826 305.947
235.2254 254.8571 233.1227 259.3739
235.8236 279.3885 236.021 258.1287
243.093 251.1467 265.5849 252.5281
243.6062 299.4915 244.5864 327.0011
245.3641 266.8149 246.1304 279.4203
251.2094 261.6018 250.0863 269.4764
254.3554 301.0809 279.3626 301.247
256.4378 276.8633 256.8741 260.625
259.175 284.1265 237.7797 279.8543
263.2898 305.6283 257.8901 306.3383
263.5836 260.5356 262.5767 269.4542
264.8284 281.4329 268.2137 279.5331
265.6351 252.3305 283.1482 252.5539
266.0446 278.1365 266.3547 266.8607
266.9401 283.7755 259.5275 282.9705
275.6731 258.1242 276.0547 280.6389
276.7757 305.4952 270.4684 305.9492
277.9337 266.5587 284.7235 262.451
280.3711 299.3749 280.3563 328.1242
281.6552 256.16 278.2399 263.1809
284.2993 252.0367 292.9149 256.0734
286.7523 279.4078 287.3347 259.3884
287.16 256.0328 283.1406 260.6386
294.1226 260.7048 298.0576 273.1463
302.1058 261.9213 299.8399 273.2183
305.683 258.9336 289.3858 256.7926
306.3498 262.9635 308.0605 270.6394
316.1288 265.6249 316.1307 280.6251
316.7355 283.5576 288.0788 281.1817
316.9659 249.3758 317.384 199.3793
317.9335 283.157 318.5394 263.1375
320.203 274.3698 320.8763 381.8734
321.6641 249.2795 328.3752 250.5054
329.2916 249.4834 355.7656 247.5488
330.1523 251.8703 330.0015 266.8939
331.8053 268.5391 340.7019 267.7974
346.4217 309.1338 351.4869 305.1336
349.4294 253.9272 344.2836 254.2761
351.8578 280.6546 359.0902 284.8642
352.4896 306.7967 355.2583 284.3298
353.0199 315.5493 352.1453 345.6329
353.2899 248.1231 353.5915 274.3696
354.4601 274.2043 321.7779 272.2463
355.6093 278.5337 363.1533 278.3929
355.632 246.2982 586.8629 249.1198
356.4553 299.3947 356.9266 309.4313
358.6415 274.3788 358.8261 249.3709
361.8615 250.7349 370.623 250.8216
363.0715 299.0865 370.6177 299.506
364.8002 276.7863 366.7062 285.9211
365.8269 315.4346 364.1555 335.6068
366.8362 286.2126 360.695 298.161
368.0999 309.778 374.3257 310.166
368.1246 271.6591 360.6223 271.6729
372.1721 311.423 384.9164 319.8014
379.4095 251.2428 391.8723 251.9237
379.4165 254.6539 371.9301 254.3342
380.6266 272.1078 373.1184 272.1592
381.9254 270.6285 381.8743 253.125
382.4175 271.6289 380.9839 275.7498
383.1383 276.5359 360.6238 275.6547
385.3379 319.2523 397.1183 316.7881
392.1152 273.8869 383.1902 272.6536
392.9633 250.6239 392.8231 271.873
397.653 316.7432 402.7924 318.9128
405.3849 295.2469 422.0894 299.8464
405.5717 250.2735 385.5679 249.0872
405.6229 300.5777 413.1074 300.2379
406.9293 271.8723 406.8846 250.625
409.3544 251.3266 418.1335 251.5842
410.5966 314.0453 419.1758 313.3079
412.0064 302.9211 424.8229 311.1799
413.3857 319.5473 408.9908 326.1972
417.5814 253.1191 417.3928 270.6306
418.7977 311.3151 408.4887 302.6903
427.0697 305.7189 422.7036 314.7745
429.8373 304.2218 425.4847 326.6046
439.3757 254.3044 429.3647 254.2087
440.7152 276.0208 408.182 272.5851
441.2246 270.6427 440.7487 253.1216
451.9304 273.7097 441.8958 272.8747
451.9992 251.8738 452.1918 271.884
453.1192 317.8406 470.6629 317.4827
453.5258 254.4045 459.2388 250.4293
460.8933 273.1243 460.8833 250.6254
471.0366 318.1468 471.9463 353.188
471.4226 253.1243 471.3946 270.6262
474.1617 270.6272 473.9966 254.3788
480.97 253.1293 480.7669 269.3768
484.8081 271.8694 484.5818 254.3723
491.3882 254.3835 491.6511 269.3789
491.8706 295.6315 594.3781 295.9904
492.5602 313.0794 492.1485 295.5891
493.1415 317.4453 519.3893 317.2073
494.5435 276.165 461.9619 273.3636
495.4628 271.8768 495.2494 253.1151
495.6143 252.3093 504.3897 252.5247
505.6785 273.8627 495.6573 272.8161
506.3156 251.892 506.9613 273.1603
511.376 299.3878 511.1842 310.6558
515.1686 296.9134 516.3182 310.5666
518.0445 275.6093 517.7432 253.1134
519.2137 315.6639 519.9383 341.9284
519.3724 253.7159 599.3707 254.0745
519.3779 251.7389 498.1109 251.2817
526.8145 256.8733 526.3612 273.1107
536.0017 255.6238 536.0605 274.3736
540.1968 274.3833 539.8323 255.6161
546.5428 255.632 546.9102 273.1243
550.1347 274.3886 549.6127 255.6184
570.6119 318.1777 591.7913 323.4605
575.5503 255.6273 576.1005 273.11
580.0838 275.6022 579.4413 255.6229
586.3416 255.6398 586.7917 271.8773
589.9488 274.39 589.5602 256.8709
591.8752 250.7691 520.6234 250.887
594.3873 314.0124 493.1241 313.2435
596.2396 296.8859 596.5193 313.1526
599.3799 277.4539 519.3751 276.8653
599.6316 255.6182 600.163 275.6704
602.8098 264.389 600.4292 210.6891
608.1578 241.9563 628.394 233.7918
609.375 264.375 610.625 264.375
610.8796 248.1211 611.071 260.6373
612.0123 315.6151 606.9514 245.6195
613.4932 260.627 613.5665 246.8707
616.2505 244.3895 616.6263 260.6308
619.1073 261.8776 618.9388 244.3672
622.1527 243.1157 622.6561 258.1407
623.3208 313.3772 615.6257 314.3801
624.8079 270.623 624.877 241.8732
628.1237 306.0387 635.6252 306.034
633.4 276.912 631.8841 236.9695
634.0952 313.1188 634.2145 331.876
636.1143 240.623 636.1559 250.628
636.152 258.0753 637.5648 273.06
0.60354 386.8853 105.5937 385.0675
0.61625 395.1593 111.8974 393.0676
0.6202 336.5229 199.372 336.9672
0.77468 355.6192 1.2086 366.9006
6.5639 376.9279 7.8305 354.4288
10.31 356.8667 9.7819 376.8857
13.3472 366.9102 15.7286 351.8914
18.8305 355.5602 17.4922 366.7997
22.5119 362.4208 15.1504 368.8298
23.6268 376.9357 26.0644 356.777
24.3909 379.2211 14.3689 378.1841
28.7305 355.5757 27.1013 376.8923
30.9807 366.9376 32.975 355.5986
36.736 354.3583 35.2377 366.8285
41.6009 377.0038 44.2589 356.8597
47.6316 356.8143 45.1516 376.9706
48.6738 349.4128 49.366 339.3744
51.8589 366.8739 52.6516 355.5917
56.5044 354.3481 55.5932 366.8727
59.3758 378.1629 44.3556 378.4929
60.7591 376.8928 63.7331 354.4556
65.9637 358.1618 63.9223 376.9616
71.5135 355.806 69.2129 367.0967
74.8061 351.9127 73.6027 365.6668
78.1318 395.7083 56.8193 397.4393
78.1378 378.1961 66.862 378.074
79.3702 399.5326 104.3752 399.4226
79.4619 376.8845 81.6507 356.8505
83.1455 320.187 41.8712 319.685
84.7307 356.9082 82.8586 376.9668
87.0707 365.6455 88.2519 354.3883
91.8024 355.6181 90.8449 365.646
94.3875 377.8206 85.6179 377.7498
96.0114 376.932 99.1598 355.5932
101.8671 395.9888 86.8742 395.6637
101.9943 355.6402 99.1356 378.0945
103.1194 385.2432 123.1152 384.9513
105.7326 354.3914 103.9937 365.7579
109.1546 355.6035 108.1782 365.6302
111.9121 377.9726 100.6039 377.6736
113.101 392.9667 180.6453 391.8132
114.041 378.0811 116.832 356.8694
116.8676 398.7699 171.89 398.0954
119.5533 359.3974 117.1962 378.1653
123.1335 396.3917 113.1146 396.2164
127.0254 351.9081 123.7554 366.7384
128.1166 384.8865 140.6292 384.744
129.3799 377.6416 119.3723 377.7061
131.3611 378.2567 134.7284 359.4382
133.1305 320.7892 93.1189 320.5863
136.7526 363.1073 134.5792 378.1545
140.7363 320.6213 140.6756 298.1215
141.875 384.5286 185.6251 384.5327
144.3898 376.9468 135.255 378.8359
144.4917 350.6437 142.0844 365.6586
149.4438 379.3844 151.8509 361.7016
150.9825 381.4099 145.4232 377.1376
154.7655 361.928 152.388 379.4446
159.2206 376.6252 151.5582 381.3625
161.1912 353.2039 159.4583 365.6366
164.1954 379.3459 167.4432 359.2647
169.7132 363.1753 167.2967 379.4377
171.4512 340.5506 169.2486 353.1028
173.1279 323.7626 150.6225 323.6549
178.1829 377.1945 170.4827 378.5902
179.7695 379.4585 183.7814 360.4994
181.86 391.9359 280.6416 390.6878
186.7881 384.458 195.7445 385.042
186.8123 360.6129 183.1783 379.3853
190.5571 377.6281 199.3394 377.926
200.2712 336.8246 194.6819 376.0252
201.5628 395.5841 202.1121 408.1692
206.2526 383.1523 206.5807 375.6122
206.8644 398.4244 270.6205 397.7157
208.1022 372.981 216.8743 373.1614
212.5932 325.4268 206.5131 341.7401
218.086 324.3965 218.5294 299.4044
218.127 384.1457 228.1372 384.2336
219.068 348.7907 224.1417 351.1308
220.3995 375.5682 219.0109 350.5067
222.7054 352.5497 233.2952 350.1153
228.974 354.3658 228.6017 370.6359
232.7267 323.1244 232.755 304.3726
232.8355 374.3918 233.186 354.3761
233.1078 383.8977 280.6404 383.424
234.212 352.173 244.551 350.403
235.6314 326.3663 218.1316 326.3029
245.631 350.6058 245.244 375.6384
245.6659 376.6693 219.3841 376.2721
246.8559 328.2325 235.609 328.4205
254.0581 326.8828 253.4115 300.5872
254.3849 351.7071 279.3943 351.4781
254.8816 375.6208 254.6762 350.602
263.896 354.3633 263.4691 371.9138
266.8808 324.5436 258.1176 324.4964
267.8094 373.1258 267.7601 354.3727
276.0862 354.3235 275.3494 365.607
276.8774 324.6301 269.3662 324.7019
279.3785 328.7602 255.6221 328.6237
280.0414 350.6274 280.1448 375.6166
280.6531 376.7359 254.3886 376.2038
281.7807 389.3772 282.0473 400.6799
284.2847 383.4119 289.4871 383.7177
286.876 390.6856 318.1176 390.1728
291.8716 373.9453 315.6299 373.76
293.0011 383.2471 299.4479 382.5387
294.3639 394.6476 303.1502 395.0059
300.59 383.1013 315.6816 382.687
313.0853 397.7394 320.6296 397.8812
317.9508 381.8809 317.5459 284.3722
320.6225 389.9941 340.6322 389.9138
323.1201 382.2783 475.6222 381.9239
323.1217 373.4937 461.8745 372.9784
341.863 389.8702 394.4094 389.0322
342.4876 396.6593 343.3778 404.3457
343.9091 353.1368 344.1558 310.6382
346.8871 396.6457 395.6302 396.0679
354.1542 351.2399 342.912 352.5566
357.4439 348.1244 357.4104 315.6245
359.439 392.3855 348.0545 393.8129
364.6928 338.0673 366.3118 346.9773
368.125 334.375 368.125 336.875
368.2195 328.1173 368.6256 333.084
369.3761 353.6624 355.6236 353.6896
369.7597 326.8786 369.8769 314.368
374.1071 333.291 370.2691 327.0955
380.6541 326.8208 370.2832 321.2627
380.7012 348.2625 371.9068 347.6601
381.2825 342.5602 377.6244 346.3978
381.7855 334.9629 399.2612 337.6225
383.9966 339.3563 376.7928 337.1425
394.3694 339.5256 384.383 339.1572
395.625 389.3727 405.6267 389.3588
396.9674 332.9781 428.2076 330.3616
398.1301 392.1946 364.3687 392.7342
399.3826 348.4874 381.8641 348.8555
404.3813 345.5875 393.2328 343.7286
405.972 325.2937 410.3105 313.4682
408.9213 388.1097 408.4997 400.6376
409.3481 337.8768 430.7531 335.5564
410.6089 327.0704 418.1453 326.9555
411.8624 330.7391 381.6786 327.4005
413.1313 389.0284 466.8787 388.6552
414.371 395.6529 466.8744 395.8182
419.4211 342.8129 412.0816 341.7276
420.7657 326.9208 420.3517 316.8863
425.0275 326.1702 422.1547 329.6087
430.5384 324.3005 430.8572 329.2801
431.4491 339.0956 432.7181 342.8392
438.1734 322.2604 445.6668 322.0386
443.0013 335.7014 448.0768 343.9261
447.9009 320.5714 445.1516 332.0609
449.3681 392.334 414.3708 392.6393
450.6252 346.9016 400.6074 347.3328
451.8616 338.1177 447.8231 345.5667
452.199 326.8606 451.8093 318.0725
455.5905 346.4381 468.1209 346.9702
463.2734 373.3911 508.2337 348.3199
465.1445 380.749 510.4768 355.3604
468.3408 323.0148 460.4446 321.762
471.2923 388.1284 471.3572 399.378
471.8726 351.6905 451.8726 351.7087
475.5597 394.3717 484.4164 394.8355
475.5633 384.1413 490.3654 376.38
475.6769 399.6314 472.9545 386.9115
482.9724 392.5581 488.5758 391.0498
488.1339 382.7559 498.1581 382.9969
490.0232 389.4316 489.3637 396.9832
491.4846 376.0807 496.9963 373.3718
493.427 343.0838 493.023 315.5898
498.124 382.4951 510.626 382.4749
498.2969 372.0772 501.7074 369.1779
502.7896 367.7536 510.6293 364.3851
510.4624 351.0665 512.3532 357.1162
510.5769 383.2464 518.1697 382.9226
511.8863 343.7817 494.37 344.0838
514.3753 359.6021 541.8749 359.6096
515.6563 368.2939 506.972 369.8994
516.866 369.0593 524.431 368.8443
516.8663 352.3682 530.6288 352.211
519.8513 382.7818 522.7844 376.1694
522.527 375.7806 523.7907 370.4856
528.1436 390.6242 528.9822 410.6414
529.4172 346.1884 515.5659 345.3359
532.5436 341.8781 532.6361 321.8785
534.7839 330.6223 534.902 348.1299
538.4475 351.8644 538.078 340.5856
539.9752 337.1443 546.6146 339.984
540.5785 357.7304 548.121 356.8409
542.2234 331.5135 549.8591 338.8727
542.6298 360.6163 542.2358 383.1313
544.4919 370.9683 551.2367 368.6706
545.624 326.6745 559.3752 326.6876
546.8915 321.9732 569.3843 318.1803
550.7015 368.5012 559.5923 366.6942
551.9442 344.7247 545.2156 346.0567
560.6053 325.7856 588.1348 326.1703
560.7406 367.0844 569.3376 366.4035
563.1212 397.4063 583.1273 397.2989
564.2457 341.89 562.6557 328.1794
565.625 358.125 566.875 358.125
567.1229 333.1235 567.1749 341.8732
568.0804 358.4293 581.8997 360.4567
569.7148 366.9276 608.5315 377.9424
573.5471 354.3966 573.3521 358.2007
574.3362 391.1753 563.0516 391.8005
574.3672 341.6024 611.908 340.5234
576.3682 328.1744 577.467 339.4392
580.7736 357.0797 598.3456 355.285
584.379 322.2144 551.8796 322.0723
592.3884 325.5995 593.0712 339.3777
596.8226 397.6633 608.0695 396.3862
597.9529 357.6022 614.532 355.9929
598.1316 344.6938 553.1219 344.8835
607.2471 380.0732 613.2819 384.1424
607.5901 339.4081 603.0269 265.5538
611.3311 385.6137 611.6105 403.1292
611.9402 343.936 599.3208 344.9516
612.4083 345.4359 616.9095 343.1943
613.8712 339.3973 612.8732 316.8308
615.613 320.9116 628.1266 320.7557
617.7444 355.5102 625.6417 356.7705
618.0995 340.4536 622.9916 339.7269
618.1737 325.4468 616.1245 339.2637
630.6278 343.6574 618.1231 343.6082
631.5851 332.9691 629.7727 321.8104
0.11989 402.7662 8.3759 400.1741
10.9182 403.5526 16.9182 399.4379
15.6381 412.1371 0.61315 412.8877
24.2653 401.0414 33.0567 400.5784
36.8325 400.4827 76.9096 399.2584
49.4794 410.8976 24.3405 412.6218
80.7274 462.5944 71.8265 460.8761
86.7863 457.9551 79.8677 461.5683
103.1745 409.9883 50.6452 411.3838
104.9698 418.105 105.275 408.1143
133.1291 410.1526 116.873 410.2378
158.182 408.7521 135.6409 410.8005
160.167 411.8734 160.1369 420.6276
161.1549 414.2819 165.1087 412.1621
164.6886 414.3031 166.719 423.1608
170.4413 404.3591 163.8683 410.0386
172.4462 419.0413 176.8833 410.0146
176.8102 409.0888 169.6195 404.818
186.7861 440.3871 175.6848 444.535
189.4024 435.5985 196.7617 443.2343
189.6376 458.8501 198.1364 463.1023
192.6691 445.2292 199.1567 448.6919
194.5049 432.9604 198.6391 436.2236
203.0533 410.4695 197.504 413.028
215.5704 409.0373 204.2129 410.8715
218.3929 418.3105 208.0531 420.2399
226.2048 412.192 218.9606 409.0938
233.8128 405.6198 233.6857 419.3802
240.7531 409.3255 242.5981 414.0953
243.2785 407.1305 250.7924 408.2899
244.6412 406.0517 240.4026 406.7247
251.9267 408.0929 253.7428 411.0176
264.5072 410.3626 254.3212 410.9646
267.3537 408.2025 266.3355 414.4901
274.3427 410.7281 267.9388 408.7185
280.5682 412.5471 269.3042 413.6545
281.9984 406.8331 282.2673 415.6512
286.4286 406.8338 285.618 415.6244
287.0273 402.0803 284.4164 388.1173
290.0005 417.5376 300.345 411.4029
303.4345 416.1355 291.8835 423.139
304.99 413.0997 305.5566 426.8778
306.8159 414.6942 315.6475 415.0268
307.9924 429.3827 307.4122 419.344
316.1582 434.4917 316.8969 423.2083
316.4457 424.1485 317.9803 412.7683
317.1871 451.9019 317.8459 444.2435
320.4347 410.2746 309.8506 408.0349
321.2258 458.1094 320.8344 474.38
322.5141 425.4659 320.1419 434.5747
323.4002 405.6245 323.3967 411.8759
333.8008 410.8486 324.9356 407.3941
340.6354 405.8256 338.1422 405.9551
341.6604 405.9066 344.4472 408.0303
343.145 412.0515 330.3841 413.4947
345.9842 408.8651 351.9791 405.8307
351.3376 408.3735 356.782 405.4518
359.4425 413.5941 344.3393 412.2885
362.0384 405.7772 356.0188 412.2417
365.6928 412.9356 361.26 411.3498
378.2334 406.4935 363.2088 407.2623
388.2025 412.6669 368.1365 413.4283
389.3701 455.0015 411.8785 454.8241
393.3596 409.8725 388.5971 416.2984
395.6363 406.604 380.5951 406.7772
396.9802 418.7575 405.1143 412.9019
403.0606 410.014 394.1461 410.954
409.2573 404.3292 405.8051 413.1951
412.7907 404.3373 412.1236 388.1148
444.3193 408.0143 450.813 404.7488
444.4517 408.6895 413.0339 409.2479
449.9146 409.5384 458.0316 404.2322
457.6025 406.5196 464.3574 404.321
458.4477 407.2689 461.0785 413.4633
460.6419 416.3272 449.3641 415.9785
465.7212 404.3152 468.4468 408.7017
470.6536 412.5708 461.7645 412.9362
477.2598 407.683 482.8396 405.0257
480.4233 409.4843 481.7546 411.9402
488.1553 412.397 475.5527 413.1278
503.1463 409.181 483.1132 406.9825
509.2361 408.5873 500.5214 405.9699
513.1288 408.131 516.3413 406.0508
514.8682 409.3821 514.7782 415.5946
534.473 432.5638 519.4935 429.947
543.096 441.3904 530.6139 440.9174
543.1205 418.3044 531.8464 418.0244
559.4088 442.9452 546.8817 440.5894
563.1166 463.1723 549.3578 460.7218
575.7811 457.4712 560.5758 456.2249
579.5954 443.1985 564.3925 445.7299
588.1701 468.4315 576.7986 470.1058
600.6411 460.2757 576.8838 459.1833
600.6983 448.6285 588.0745 447.3892
609.3873 463.8357 629.377 464.2901
619.4825 460.6947 610.5879 461.4191
629.6359 400.7309 628.4025 389.2115
633.1249 475.626 620.6111 474.5348
