(1) (0)
(2) (15,9,8)
(5) (23)
(7) (26)
(8) (1)
(9) (29)
(10) (34,35)
(17,22) (89,92)
(26) (6)
(31) (10)
(32) (123)
(36) (12)
(37) (13)
(38) (14)
(41) (11)
(43) (16)
(45) (17)
(47) (130)
(51) (18)
(53) (19)
(55) (149)
(58) (20)
(59) (21)
(64) (22)
(68) (158)
(71) (24)
(73) (25)
(75) (27)
(77) (30)
(79) (31)
(81) (36)
(85) (38)
(86) (39)
(120) (276)
(140) (90)
(142) (116)
(144) (117)
(145) (118)
(146) (121)
(148,152) (122)
(153) (124)
(154) (125)
(155) (105)
(158) (128)
(160) (127)
(161) (131)
(167) (134)
(171,173) (138)
(174) (139)
(175) (136)
(176) (142)
(177) (143)
(178) (144)
(179) (141)
(181) (145)
(182) (140)
(190) (148)
(191) (153)
(192) (152)
(193) (151)
(195) (150)
(196) (154)
(197,202) (155)
(205,210) (158)
(206) (157)
(209) (160)
(212) (161)
(213) (162)
(215) (165)
(216) (163)
(218) (171)
(219) (173)
(222) (179)
(224) (181)
(226) (172,189)
(228) (184)
(231) (186)
(232) (187)
(234) (192)
(236) (194)
(237) (195)
(245) (201)
(247) (205)
(250) (204)
(251) (206)
(253) (207)
(254) (209)
(255) (208)
(257) (211)
(258) (212)
(259) (214)
(260) (197)
(261) (213)
(262) (216)
(263) (220)
(264) (218)
(265) (221)
(267) (223)
(269) (197,236)
(270) (225)
(271) (226)
(272) (228)
(273) (230)
(275) (231)
(276) (241)
(277) (233)
(279) (234)
(280) (241)
(281) (239)
(282) (240)
(283) (236)
(287) (496)
(288) (237,243)
(292) (183,245)
(329) (268)
(336,337) (271)
(338) (275)
(341,345) (285)
(342) (280)
(343) (279)
(344) (282)
(346) (284)
(347) (283)
(350) (288)
(351) (289)
(352) (286)
(353) (293)
(354) (296)
(355) (295)
(356) (299)
(359) (301)
(361) (300)
(362) (306)
(364) (286)
(365) (297,310)
(366) (307)
(367) (309)
(368) (308)
(371) (312)
(372) (313,325)
(373) (319)
(374) (322)
(375) (321)
(376) (324)
(377) (326)
(378) (329)
(379) (330)
(382) (333)
(383) (332)
(384) (337)
(386) (338)
(388) (344)
(389) (345)
(390) (349,358)
(391) (354)
(392) (348)
(396) (353)
(398) (355)
(399) (356)
(401) (359)
(402) (360)
(404) (362)
(406) (369)
(410) (367)
(412) (370)
(414) (374)
(416) (377)
(417) (379)
(419) (380)
(421) (382)
(429) (391)
(431) (394)
(434) (397)
(437) (404)
(440) (405)
(441) (403)
(443) (407)
(445) (409)
(450) (417)
(451) (420)
(453) (415)
(455) (419)
(457) (421)
(458) (422)
(460) (423)
(466) (436)
(467) (430)
(468) (431)
(469) (429,433)
(470) (434)
(472) (439)
(474) (444)
(475) (445)
(476) (441)
(477) (446)
(479) (449)
(481) (450)
(485) (452)
(487) (455)
(489) (420)
(490) (454)
(491) (457)
(494) (460)
(495) (464)
(496) (465)
(498) (466)
(499) (467)
(500) (468)
(501) (471)
(505) (474)
(508) (477)
(509) (479)
(510) (478)
(511) (420)
(512) (482)
(513) (483)
(514) (484)
(515) (485)
(517) (488)
(518) (489)
(519) (491)
(520) (490)
(521) (492)
(522) (493)
(523) (495)
(524) (494)
(525) (244)
(528) (500)
(559) (514)
(562) (517)
(565) (521)
(567) (273)
(569) (526)
(570) (281)
(572) (278)
(579) (287)
(585) (298)
(596) (305)
(588) (541)
(589) (540)
(591) (514)
(594) (311)
(600) (323)
(604) (328)
(605) (561)
(612) (563)
(620) (352)
(621) (350)
(622) (575)
(641) (588)
(644) (591)
(646) (593)
(649) (594)
(650) (595)
(655) (599)
(656) (601)
(658) (602)
(659) (603)
(660) (604)
(664) (605)
(667) (607)
(671) (606,609)
(673) (394)
(674) (610)
(675) (611)
(678) (613)
(680) (621)
(681,712) (624)
(682,685,692,701,711,718,724) (623)
(683) (627)
(684) (416)
(688) (630)
(690) (635)
(691) (650)
(698) (437)
(705) (645)
(707) (654)
(708) (639,647)
(713) (653)
(720) (665)
(721) (654)
(725) (663)
(728) (667)
(729) (458)
(731) (668)
(734) (461)
(735) (669)
(736) (673)
(738) (670)
(739) (675)
(741) (469)
(742) (681)
(748) (683)
(751) (687)
(752) (684)
(760) (688)
(767) (708)
(771) (705)
(777) (486)
(778) (702)
(783) (721)
(784) (722)
(785) (718)
(786) (706)
(787) (725)
(788) (727)
(791) (731)
(793) (715)
(797) (725)
(807) (512)
(813,832) (513,552)
(840) (558)
(843) (544)
(852,876) (578)
(884) (615)
(895) (628)
(914) (808)
(27) (7)
(29) (114)
(61) (21)
(63) (135)
(83) (35)
(120) (303,318)
(130) (85,90)
(133,134) (105)
(140) (108)
(147) (121)
(163) (134)
(185) (147)
(201) (154)
(208) (159)
(213) (197)
(217) (169)
(220) (175)
(223) (180)
(227) (182)
(230) (185)
(233) (190)
(239) (199)
(266) (222)
(278) (238)
(279) (239)
(364) (349,358)
(365) (354)
(375) (323)
(376) (330)
(390) (378)
(391) (368)
(394) (348)
(413) (373)
(415) (378,388)
(418) (384)
(423) (388)
(427) (390)
(442) (401)
(443) (621)
(446) (410)
(447) (418)
(448) (413)
(449) (412)
(456) (414)
(462) (424)
(463) (425)
(473) (442)
(486) (453)
(489) (420)
(493) (459)
(497) (472)
(504) (470)
(506) (476)
(512) (464)
(513) (482)
(514) (483)
(515) (484)
(525) (727)
(596) (549)
(607) (567)
(610) (566)
(619) (574)
(624) (581)
(625) (352)
(636) (586)
(637) (584)
(642) (597)
(669) (608)
(677) (617)
(686,687) (630)
(689) (426)
(693) (625)
(694) (637)
(696) (642)
(697) (625)
(699) (651)
(700) (640)
(702) (643)
(704) (440)
(706) (649)
(707) (625)
(709) (648)
(710) (649)
(714) (448)
(715) (656)
(716) (657)
(717) (660)
(719) (650)
(722) (662)
(726) (666)
(732) (671)
(755) (678)
(756) (685)
(759) (692)
(767) (704)
(774) (700)
(775) (711)
(781) (714)
(782) (719)
(786) (715)
(789) (724)
(791) (244)
(792) (718,734)
(797) (729,736)
(807) (548,558)
(838,841) (556)
(839,843,848) (554)
(840,845) (564)
(849) (552)
(851) (564)
(854) (579)
(867) (585)
(869) (578)
(876) (615)
(884) (622)
(899) (793)
(902) (646)
(923) (672)
(931) (710)
(940) (723)