18 2390
33 7166
46 2791
87 10592
94 809
110 2186
129 2116
148 101
155 2422
156 2104
170 2248
173 1547
174 307
176 2165
178 2228
180 1561
185 2249
187 158
196 2882
199 146
200 2226
214 2239
217 134
227 172
239 2192
245 368
253 3494
258 2391
294 2231
299 122
301 42
320 2409
321 2200
325 263
327 122
330 861
335 3744
336 2263
347 879
353 122
355 250
356 251
367 2220
368 2217
370 2260
376 209
379 2219
382 2178
384 2218
386 286
394 2416
398 475
402 2203
403 2434
404 2187
405 2158
417 321
419 3544
426 354
432 4506
436 348
437 349
438 350
439 351
440 2446
444 2440
445 2208
446 2207
513 248
557 2263
575 2580
576 2581
580 2420
593 913
601 2463
606 11096
615 2591
621 898
627 2394
628 4638
631 4661
639 516
640 522
641 523
652 2579
659 2578
672 4544
681 413
707 869
709 424
713 3529
715 3529
719 2580
720 2581
732 3541
735 4613
739 2595
742 2423
743 2424
744 2570
747 2568
750 2653
751 2645
752 2644
753 2655
754 9822
756 2571
759 2646
760 2640
764 2587
765 2594
766 5094
768 2561
772 2638
774 632
776 635
777 636
780 2635
782 2649
787 3587
799 572
801 5160
812 4728
821 3538
822 3539
827 2641
828 2642
829 2634
832 2685
833 2686
851 3516
858 6272
859 6273
861 3737
866 5244
867 3740
870 2688
871 2687
874 704
880 8676
881 8677
884 2726
886 6390
889 2724
890 3432
892 2720
893 735
897 2719
900 2715
902 2700
905 747
911 2724
912 6490
913 6491
917 6545
925 761
926 762
927 2729
928 767
929 2736
932 2740
933 777
973 42
999 2409
1000 2410
1021 2409
1023 828
1041 844
1053 89
1061 276
1062 880
1074 469
1075 298
1079 1547
1080 307
1082 137
1092 1076
1096 936
1104 321
1110 122
1117 509
1118 510
1121 1605
1122 943
1134 2877
1140 2303
1143 959
1147 368
1148 369
1167 368
1226 395
1227 396
1239 122
1242 248
1262 861
1279 421
1280 391
1300 4138
1302 1041
1318 3983
1320 472
1321 475
1322 477
1325 481
1328 1074
1329 486
1340 5889
1345 10985
1347 1207
1348 508
1349 1090
1355 1213
1357 522
1358 523
1359 4647
1360 3052
1361 3051
1365 9462
1373 547
1374 1115
1385 8576
1392 1020
1393 1021
1395 2644
1402 1019
1422 1147
1425 586
1426 587
1435 1169
1446 1187
1451 1920
1459 612
1464 618
1467 624
1468 625
1469 1216
1470 1217
1472 627
1473 628
1475 9273
1477 1212
1483 6927
1485 6927
1486 635
1488 627
1497 1994
1503 3994
1515 1141
1516 1138
1523 572
1524 3516
1526 572
1541 1965
1542 586
1543 587
1545 1245
1553 668
1555 670
1556 1280
1558 1283
1562 1287
1583 1316
1584 6276
1588 6281
1591 4342
1595 1334
1596 702
1598 704
1600 706
1604 3406
1615 2025
1618 3436
1626 1318
1627 734
1628 6394
1632 2688
1635 743
1641 746
1646 1364
1648 6490
1649 6491
1651 8870
1653 756
1658 760
1659 761
1660 762
1661 1396
1662 1398
1665 773
1668 775
1669 777
1687 1028
1695 900
1701 3516
1719 1619
1724 1489
1727 122
1737 1441
1738 1441
1745 122
1761 1456
1812 1531
1816 7425
1820 248
1826 209
1829 4491
1831 1544
1832 1761
1835 4493
1836 9103
1846 1770
1847 4935
1852 1776
1870 4506
1872 1784
1886 1790
1889 1568
1894 1792
1895 1577
1908 4542
1909 1808
1915 4547
1916 4530
1919 2225
1924 1600
1926 4546
1933 2207
1937 1818
1938 1819
1950 5089
1957 1837
2001 5317
2002 6287
2013 913
2015 1506
2027 1684
2033 9708
2042 1506
2053 1494
2064 2263
2070 4478
2078 2263
2082 1748
2083 1884
2084 4634
2085 1882
2093 1745
2095 4499
2096 1751
2101 4512
2105 1757
2108 1779
2113 3983
2114 5317
2118 2068
2119 4517
2121 1798
2125 1924
2126 1916
2131 1800
2132 4538
2139 1814
2151 1828
2152 1829
2153 1834
2168 1631
2180 8576
2197 94
2217 1701
2230 4982
2241 4982
2248 4982
2251 1713
2254 2476
2256 3541
2257 1874
2264 9273
2267 4642
2268 10985
2269 1903
2272 4655
2279 4648
2283 4660
2285 1931
2288 1806
2293 1918
2294 1920
2295 3587
2296 1914
2298 4746
2302 1932
2304 1937
2305 1938
2307 1806
2313 5120
2331 4729
2338 4729
2341 4728
2352 1978
2353 1979
2356 4739
2357 9472
2358 7298
2359 1986
2363 1989
2373 3516
2374 1017
2384 6273
2387 4342
2396 4774
2400 2049
2401 2050
2402 2018
2403 2019
2418 2035
2420 4798
2421 4801
2425 2070
2428 4807
2429 2056
2430 2055
2431 2054
2432 2057
2433 4810
2435 4824
2439 9035
2440 6493
2441 9036
2446 6294
2453 4817
2454 4818
2456 2070
2457 2071
2465 4837
2468 4839
2469 2086
2490 2104
2501 8053
2511 2116
2565 2177
2566 2178
2573 4919
2581 2413
2582 2201
2584 2201
2585 2203
2587 2207
2588 2208
2589 2431
2590 2433
2592 2440
2593 2441
2594 2442
2596 2217
2597 4952
2598 2220
2600 4959
2601 2445
2602 2223
2603 2224
2604 2225
2608 2451
2609 2229
2610 2231
2611 2234
2614 2454
2616 4964
2617 4965
2619 2249
2623 2250
2624 2251
2625 2463
2626 2465
2643 4989
2662 2283
2759 302
2781 1010
2785 4904
2791 5054
2796 2557
2802 4916
2808 4922
2809 2194
2810 2194
2812 2570
2814 4928
2815 4929
2816 4930
2820 4936
2821 4935
2823 4919
2824 4945
2829 5081
2833 2214
2837 2439
2840 4953
2841 4954
2843 4956
2844 2446
2845 2448
2846 2449
2847 4961
2853 5088
2855 5089
2856 2460
2858 5091
2862 2472
2863 2252
2877 9850
2889 2495
2900 4993
2929 913
2943 7906
2945 869
2951 5317
2955 862
2965 2383
2973 5061
2978 5070
2981 2569
2982 2570
2983 5072
2985 510
2986 5076
2992 5077
2994 2423
2995 2577
3001 5082
3002 2584
3006 7476
3007 5085
3010 5093
3011 5094
3013 5095
3020 5105
3026 4997
3051 7667
3054 613
3068 3526
3069 3525
3071 10985
3073 3528
3074 3527
3078 1062
3085 2546
3089 872
3098 2639
3099 5202
3100 2646
3101 5144
3104 7631
3105 5153
3108 5158
3112 2686
3116 5164
3120 2656
3134 7334
3140 3516
3141 5233
3146 1060
3147 1714
3154 7675
3156 5203
3157 5205
3158 5208
3160 5209
3161 5210
3166 7902
3169 1204
3175 1249
3187 1261
3191 5242
3192 5243
3193 5270
3194 5246
3197 1252
3201 1255
3202 3840
3205 3838
3207 2714
3208 5264
3209 5265
3211 2718
3213 5268
3216 5270
3217 2726
3218 5752
3224 3895
3232 2725
3234 2727
3235 5278
3236 2736
3238 5287
3239 5288
3264 5827
3278 5320
3279 5321
3280 3012
3286 3563
3288 2786
3289 2789
3290 918
3291 2787
3302 3043
3316 1507
3321 5364
3327 129
3330 2850
3335 2116
3339 2165
3340 2855
3354 2868
3366 2876
3370 3091
3377 2428
3378 2427
3385 2900
3387 3101
3390 3103
3401 4015
3406 5889
3410 2925
3417 2222
3421 2938
3438 10792
3444 2959
3449 2984
3451 2984
3454 2855
3469 2984
3470 2985
3497 2855
3501 2991
3532 3388
3554 4647
3556 2539
3557 4506
3563 3225
3570 621
3575 3051
3576 3052
3579 3058
3580 3059
3584 3062
3585 3070
3589 3072
3590 3075
3597 3085
3601 2424
3604 480
3605 3250
3612 2904
3615 6007
3616 3111
3618 3105
3621 3266
3656 2958
3679 3182
3681 3175
3701 5416
3728 6009
3730 11096
3733 3220
3734 620
3736 5438
3738 3205
3741 3219
3742 3220
3743 3213
3744 3214
3746 3216
3747 5636
3749 3222
3757 5551
3768 3245
3769 3244
3770 3247
3779 3258
3780 3259
3781 3261
3782 3257
3794 11332
3795 898
3800 1713
3803 3297
3804 3277
3807 5842
3808 3282
3811 9706
3821 3298
3824 3155
3838 3159
3854 3220
3857 3332
3868 869
3870 3538
3871 3344
3872 3346
3873 3347
3874 5656
3879 8095
3891 5667
3905 10590
3916 3387
3942 5731
3943 5733
3944 5734
3950 8490
3952 3415
3954 8493
3957 10374
3959 3417
3960 3418
3967 6162
3971 3443
3976 3451
3981 6148
3996 3458
3997 3463
4025 803
4042 395
4070 1034
4071 1035
4079 1041
4083 1043
4085 1159
4091 3530
4092 3531
4093 2468
4102 6894
4107 1072
4108 1071
4111 907
4115 3550
4116 1074
4118 1920
4120 1077
4123 3558
4127 1081
4130 1082
4131 5889
4132 927
4137 1084
4140 1076
4147 9273
4150 943
4152 1117
4156 6927
4158 3674
4159 3675
4172 9107
4173 4102
4175 1118
4179 1115
4200 3497
4202 3499
4203 3500
4215 1130
4220 9444
4255 1181
4258 1186
4261 1189
4265 1195
4267 1198
4270 1203
4271 10054
4272 1206
4274 3664
4276 4261
4279 1214
4280 1215
4281 1218
4327 1245
4337 10092
4339 1268
4340 1270
4341 1271
4344 1278
4345 1282
4346 1283
4347 3766
4349 1285
4352 3769
4353 3774
4355 3777
4356 3778
4357 1291
4363 3784
4364 3785
4366 5771
4368 1350
4378 3704
4379 3705
4381 10350
4382 3704
4388 1310
4396 1316
4401 1319
4404 6281
4412 10092
4414 1338
4415 1339
4416 3863
4417 1340
4421 1298
4426 3880
4445 1374
4447 1375
4448 1376
4449 1342
4451 1377
4462 10557
4463 8828
4465 1390
4468 1392
4469 1393
4470 1394
4471 1395
4472 3917
4473 3920
4477 10598
4478 10601
4482 1400
4483 1401
4484 1402
4485 1403
4488 1407
4504 8576
4520 1298
4530 4406
4543 4000
4552 249
4556 4000
4571 3987
4587 4008
4606 4000
4611 4019
4637 6747
4638 4048
4641 1789
4642 1790
4653 4647
4654 4065
4656 4189
4658 8029
4661 4072
4663 4197
4664 6938
4668 4078
4676 1818
4689 1831
4706 3983
4726 3987
4738 4130
4744 6614
4785 4194
4786 4195
4788 4184
4796 4194
4797 6996
4799 6939
4802 4204
4803 4209
4816 8339
4826 4131
4843 6315
4848 6281
4855 6985
4870 4264
4886 11583
4888 6975
4897 10092
4901 4300
4902 4345
4906 4304
4907 5821
4924 4322
4948 4344
4952 2051
4954 4352
4955 4353
4957 4357
4964 10661
4975 4371
4996 11838
4998 9708
5015 4413
5019 4418
5033 1880
5043 4406
5044 5868
5046 4427
5058 4406
5059 4527
5065 4427
5072 4458
5075 4458
5078 4427
5082 4449
5088 11910
5095 4472
5102 4485
5106 4475
5107 4478
5109 8095
5118 7165
5126 4639
5128 7169
5132 4496
5138 4649
5144 4517
5156 4677
5164 4532
5174 4551
5178 4559
5179 4560
5191 7204
5193 7203
5195 4566
5200 9151
5215 5120
5223 8191
5235 8576
5236 5317
5245 3983
5258 8984
5270 5683
5272 7154
5273 4470
5287 9273
5300 7164
5308 4500
5310 4511
5313 7170
5314 7171
5316 7174
5318 7176
5319 4655
5329 7178
5332 4516
5334 4743
5338 4678
5339 4679
5340 7190
5341 4536
5343 7195
5346 7202
5347 7268
5348 7269
5366 4138
5367 5317
5382 7244
5389 7244
5397 5108
5398 9472
5399 9473
5408 11109
5409 7256
5414 4744
5415 7259
5417 7270
5418 4779
5442 6608
5450 10590
5459 7299
5463 7301
5464 7302
5469 7311
5470 7313
5471 7316
5472 7317
5483 4239
5486 7364
5487 4802
5488 4806
5489 4807
5490 4809
5492 7352
5496 4229
5501 9035
5504 4294
5509 5752
5510 4796
5511 7375
5513 7380
5514 7368
5515 4821
5516 7382
5518 4823
5521 7372
5522 4828
5525 7382
5528 7383
5557 2116
5583 6692
5586 5043
5587 5043
5606 7438
5609 7441
5612 5060
5616 4916
5625 4922
5627 4923
5628 5651
5629 7452
5636 4929
5639 4936
5640 4940
5641 4938
5642 2423
5643 5080
5644 4945
5645 4946
5649 4950
5650 7469
5651 4953
5652 4954
5653 7471
5656 7472
5657 4959
5658 4958
5660 7476
5665 7479
5666 4962
5668 5094
5680 9850
5696 4995
5701 4997
5729 7894
5748 1622
5768 104
5777 5317
5785 2383
5787 5134
5803 5071
5806 7549
5807 7548
5809 7455
5810 7456
5814 5076
5815 5077
5816 5079
5819 7470
5821 60
5822 7475
5825 7445
5827 5088
5829 5091
5831 5095
5835 1546
5854 5317
5865 100
5867 9646
5868 3589
5873 7624
5874 462
5875 7625
5880 7626
5882 7629
5886 7458
5887 7550
5890 7631
5892 7468
5893 7468
5894 7468
5895 7552
5897 5153
5898 5155
5902 7555
5903 7556
5904 7558
5911 7564
5912 7478
5923 5105
5924 5106
5927 5170
5937 2024
5949 1714
5951 1062
5959 7634
5961 5246
5963 7680
5964 7637
5965 5205
5966 5208
5968 7640
5969 7641
5971 5170
5985 597
5994 7672
5995 7675
5996 7676
5997 7677
5998 7697
6005 1252
6006 1325
6012 5266
6016 2024
6023 2731
6025 5268
6026 7707
6027 5277
6029 7709
6030 5282
6032 5283
6033 5278
6055 3201
6059 5319
6060 5320
6061 5321
6070 5332
6075 5337
6076 5354
6079 5332
6081 2131
6088 5332
6092 5868
6093 5544
6102 5358
6103 5551
6105 5371
6110 5379
6120 1605
6128 5404
6129 5398
6131 5405
6132 5400
6134 8395
6135 8395
6139 5417
6142 2960
6144 5432
6151 5430
6152 5440
6156 5442
6166 5439
6169 5590
6178 5448
6197 5474
6202 5480
6207 2970
6217 5493
6229 5500
6230 2991
6258 4647
6264 4506
6267 7741
6280 5635
6281 5541
6282 7758
6285 5549
6291 7869
6296 5558
6305 7875
6306 7876
6314 5576
6327 5592
6329 5598
6345 5479
6350 7825
6369 7852
6388 7867
6389 5852
6390 5853
6391 5645
6395 5652
6398 7877
6407 2656
6408 5659
6416 5611
6417 5672
6418 5673
6421 5674
6446 8397
6447 7924
6449 5692
6451 5201
6454 7936
6457 7973
6458 7974
6466 5998
6470 8398
6474 6096
6480 5722
6495 5730
6496 5731
6498 7982
6499 8572
6500 8488
6504 6146
6507 8503
6508 7988
6509 7989
6515 7992
6516 5744
6518 7995
6527 5757
6531 5758
6534 8010
6550 3692
6551 3025
6554 11270
6555 5944
6556 5945
6561 5794
6562 5795
6579 5962
6595 5555
6600 3078
6604 5845
6612 5889
6617 3109
6623 2922
6627 5868
6630 3121
6632 3123
6663 5898
6668 9706
6726 686
6735 6927
6747 3224
6748 6065
6756 5971
6757 3239
6759 5980
6761 3240
6764 8313
6767 3244
6768 6086
6770 6086
6772 1605
6773 3245
6776 5996
6779 3262
6781 6000
6786 5591
6790 6011
6793 6013
6810 6025
6819 3614
6821 6037
6822 5909
6824 7527
6825 6045
6831 5909
6832 6045
6833 5898
6857 676
6860 3314
6867 8366
6868 6082
6869 6083
6871 3337
6875 6089
6876 3346
6878 3347
6880 6101
6887 11838
6890 3277
6891 3278
6894 5667
6904 9109
6906 8252
6920 6045
6926 6132
6928 10092
6929 6135
6930 8229
6932 6138
6934 6141
6941 6160
6943 8251
6956 3402
6959 6178
6964 6185
6965 6206
6966 6186
6973 10370
6978 10374
6992 6171
6994 6171
7001 1360
7002 6173
7004 6205
7006 8306
7008 3452
7014 10453
7017 3454
7021 3463
7025 11574
7046 8449
7062 3597
7068 9110
7077 3611
7087 3623
7088 3624
7100 9130
7106 6283
7111 1195
7114 10092
7117 4052
7118 3558
7120 3659
7121 3660
7128 9273
7157 6246
7158 6247
7159 6248
7160 6249
7173 6363
7174 6364
7188 3712
7189 3713
7191 3428
7192 3429
7205 3726
7210 3732
7212 6281
7214 6397
7216 3743
7219 3748
7223 6290
7227 3762
7231 3764
7232 3765
7233 3766
7234 3767
7236 6420
7241 6425
7242 6426
7243 3777
7244 3778
7245 3779
7246 3867
7247 6430
7248 3784
7257 5771
7273 6365
7274 6368
7275 6369
7278 6360
7281 6351
7282 6365
7296 6375
7297 8702
7298 3717
7301 3832
7302 3833
7311 3850
7312 3898
7313 3853
7315 3854
7316 3855
7317 3857
7318 3858
7319 3861
7320 3862
7321 3864
7322 3863
7323 3865
7330 3872
7340 6472
7344 6483
7346 3831
7348 3893
7353 3900
7355 6553
7356 6554
7358 6557
7359 6522
7360 6558
7361 6559
7363 3902
7368 10225
7373 3912
7377 11663
7380 3925
7382 3930
7383 3932
7385 11662
7388 10612
7429 9418
7443 4142
7450 4151
7455 8337
7456 4138
7463 4155
7477 6981
7478 4198
7479 4248
7482 4183
7491 9273
7499 4197
7502 4198
7504 4201
7509 5970
7511 6721
7512 6653
7523 9555
7546 6715
7547 6642
7554 6728
7561 6821
7562 6562
7582 4282
7584 4814
7588 4340
7589 8951
7591 8952
7594 6764
7604 4306
7605 4307
7606 4308
7607 6779
7609 6780
7611 9064
7622 9163
7626 6804
7627 6749
7632 10663
7636 4338
7643 4347
7644 4348
7645 4350
7646 6828
7653 6807
7663 6838
7670 4377
7671 4378
7675 4379
7676 10710
7691 5774
7740 552
7745 9417
7755 10985
7771 6919
7778 6897
7785 6925
7789 6930
7793 7258
7794 6932
7798 6939
7800 6941
7801 6942
7806 6944
7829 6975
7856 9273
7863 6992
7872 6999
7894 10918
7900 9324
7912 8941
7939 9354
7944 7080
7946 9370
7948 7083
7949 7038
7951 7086
7958 9037
7967 9373
7973 7106
7977 10907
7989 10725
7993 6879
8003 8203
8009 2355
8011 3298
8040 7154
8053 7248
8056 7164
8059 7168
8060 7174
8061 7178
8063 7256
8069 7179
8076 7194
8082 7202
8084 7266
8085 7203
8086 7201
8087 7268
8088 7269
8092 9743
8121 4012
8124 1301
8125 4704
8130 4014
8132 6654
8137 6901
8138 7244
8146 7254
8147 7255
8148 7172
8159 9662
8163 7262
8167 7311
8168 7313
8169 9594
8172 4173
8179 4707
8181 3983
8186 900
8203 6899
8206 7294
8207 10988
8208 10989
8210 9471
8215 7344
8220 9702
8226 7316
8227 7317
8229 4707
8239 7294
8248 7351
8249 7352
8250 4229
8254 7372
8255 4294
8256 7360
8257 9517
8258 7362
8261 7366
8262 7367
8264 7368
8271 7376
8272 7380
8276 11036
8279 9523
8280 9532
8298 4707
8312 104
8313 103
8320 461
8329 2383
8330 7540
8338 115
8342 111
8349 7453
8350 7454
8353 7548
8354 7549
8358 7455
8362 7463
8367 7465
8370 7471
8375 7548
8377 7475
8378 7558
8379 7445
8380 7564
8390 7494
8421 2136
8433 11046
8434 2355
8441 2141
8444 9646
8445 9561
8446 2147
8447 3589
8451 2249
8452 7625
8456 2389
8457 457
8471 7445
8472 7552
8478 7553
8479 7554
8481 7555
8482 7556
8486 7559
8488 7562
8489 7478
8495 7640
8498 7646
8512 2024
8521 9809
8525 2360
8528 2371
8532 7622
8533 7624
8534 2383
8535 1886
8537 7629
8541 7635
8543 7561
8544 2598
8552 4707
8554 2347
8558 2356
8559 7130
8565 7672
8567 7673
8568 7675
8569 7676
8570 7677
8571 7698
8576 2923
8578 2631
8581 2680
8583 7708
8584 7709
8585 5247
8591 2127
8593 7703
8594 7704
8597 5282
8600 10917
8620 5043
8629 7751
8634 7754
8646 7756
8649 7758
8652 7869
8654 2884
8659 7763
8666 7875
8667 7876
8668 7779
8675 7791
8677 7796
8679 7798
8680 7802
8681 7797
8682 11172
8685 7891
8687 2960
8694 7755
8707 11576
8727 7419
8731 2625
8734 7863
8735 7860
8738 5852
8739 5853
8744 7871
8745 7872
8746 7922
8749 7925
8754 9837
8756 7881
8759 7884
8764 7887
8779 5611
8789 5170
8803 5852
8804 5853
8812 7923
8813 5230
8815 7924
8822 7930
8824 7936
8825 7939
8826 7940
8828 7943
8829 7944
8830 7947
8831 7948
8834 10018
8839 5995
8841 6102
8843 6003
8848 7943
8849 7944
8856 10249
8857 7981
8858 7982
8872 8000
8874 8004
8879 8011
8882 8012
8898 7750
8899 3201
8900 8041
8902 8152
8903 3210
8904 8036
8911 8038
8912 8054
8919 8062
8922 8067
8924 8071
8928 5555
8932 8081
8938 8313
8939 9995
8944 8179
8950 8184
8953 8102
8957 5890
8959 8100
8960 8101
8969 8107
8970 8108
8975 3614
8986 8127
8991 11333
8997 8131
8999 9923
9006 9923
9022 10061
9028 10067
9029 9923
9030 8169
9035 10074
9039 5658
9041 8183
9043 8186
9057 8210
9059 10102
9060 10103
9088 10121
9089 10124
9090 10125
9095 8394
9096 8492
9097 8397
9106 10130
9108 6152
9110 10102
9120 8263
9121 10145
9123 10147
9128 8270
9131 8490
9132 10370
9133 10371
9134 10453
9136 10374
9137 8277
9139 10377
9146 10135
9155 8254
9158 3657
9159 8301
9160 8302
9165 10454
9177 8314
9179 8315
9182 8316
9192 9107
9196 8460
9202 3775
9203 6062
9204 6063
9207 5961
9208 8356
9215 8360
9217 8363
9220 8372
9221 8373
9227 5985
9228 5986
9234 5993
9236 5848
9237 8389
9239 4052
9240 6000
9243 8495
9257 8106
9262 6018
9266 6020
9272 5369
9286 8437
9295 8436
9296 8437
9298 5953
9301 6046
9307 8436
9320 10220
9322 8453
9324 1298
9325 8462
9328 6072
9336 6083
9337 8484
9338 6697
9344 6108
9360 11515
9386 8550
9387 6129
9399 8562
9401 8564
9404 8571
9419 6171
9424 6174
9425 9822
9434 6176
9441 6185
9442 8634
9443 6186
9450 8579
9463 4323
9464 4324
9471 6208
9472 6209
9473 8636
9476 6211
9492 6220
9493 10316
9520 6369
9527 6368
9528 6369
9541 6379
9564 8721
9565 8722
9566 6398
9567 6399
9575 10092
9576 8734
9579 6410
9583 6414
9584 6415
9589 6422
9590 8746
9591 8747
9592 6426
9597 6436
9606 6445
9610 6449
9614 9822
9630 6452
9631 6465
9632 8697
9641 6485
9645 6492
9647 8834
9649 6502
9650 6503
9651 6404
9652 6507
9653 6510
9655 6514
9656 6515
9657 6516
9658 6517
9659 6518
9660 6519
9664 6523
9665 6527
9669 6531
9686 6549
9687 6550
9688 6551
9689 6558
9691 6553
9692 6554
9696 8878
9697 8879
9698 6522
9699 6560
9701 8882
9702 6558
9703 6559
9712 6565
9713 6567
9716 10225
9718 11652
9721 6579
9726 3983
9748 6689
9760 8968
9761 6716
9762 9059
9763 6713
9764 6719
9766 6720
9771 6832
9821 6758
9822 6760
9827 8952
9830 6764
9832 6768
9833 9049
9834 6771
9836 6772
9837 6773
9840 6828
9841 6829
9842 6779
9845 6780
9849 9018
9850 9020
9854 6801
9859 9212
9863 6823
9865 6825
9868 9087
9872 10731
9876 6851
9880 11677
9887 6846
9894 6231
9895 11496
9921 8339
9923 9359
9927 9147
9928 9148
9932 8428
9943 7045
9954 9182
9960 9185
9962 7036
9963 7078
9964 9233
9965 9190
9980 10661
9988 9212
9993 7065
10000 10900
10003 9371
10004 9231
10005 9232
10006 9235
10015 9363
10019 7095
10030 10725
10033 10809
10047 10092
10048 9469
10064 10929
10077 4426
10090 8458
10097 9134
10098 9133
10108 10930
10109 10954
10112 10935
10125 10918
10126 10919
10130 10938
10131 10918
10132 10919
10136 7022
10138 10945
10142 10950
10147 10962
10150 10730
10152 10960
10153 10961
10171 7282
10172 7283
10174 686
10175 6654
10179 9279
10186 12097
10215 10988
10216 10989
10219 9423
10222 7825
10225 9424
10226 5170
10227 7825
10231 10996
10232 9477
10234 9430
10238 9432
10247 9743
10277 10991
10278 6899
10279 10990
10280 10991
10286 10998
10287 10999
10288 11000
10292 9486
10297 4229
10304 11016
10306 11026
10307 11019
10312 7362
10313 7362
10315 11029
10324 11843
10325 11037
10326 11038
10330 11036
10347 4413
10360 4416
10367 2163
10368 2164
10369 1669
10372 4447
10373 4448
10382 4468
10383 4469
10388 1517
10396 11072
10398 9572
10399 9758
10401 9573
10403 9576
10405 9574
10409 9582
10410 9665
10412 9587
10415 9666
10417 9589
10418 9588
10427 2279
10442 7282
10443 7283
10452 4419
10456 4428
10461 4464
10462 4465
10466 11103
10471 9655
10473 11107
10479 11111
10480 11078
10482 11080
10483 11081
10484 11082
10485 11083
10486 11084
10490 2663
10502 4605
10505 7157
10506 9694
10507 11110
10508 11113
10512 7013
10515 4718
10521 11132
10523 11134
10524 11124
10531 1153
10533 11138
10534 11139
10570 9740
10578 11161
10588 11167
10589 11169
10590 9838
10591 9839
10592 9757
10593 11174
10594 9759
10595 9760
10596 9755
10597 9756
10601 11176
10602 9766
10603 9767
10605 9769
10606 9764
10609 9776
10611 11183
10612 9846
10613 9847
10615 9774
10616 9851
10617 9779
10620 11186
10625 7494
10635 861
10641 5361
10642 2141
10644 5367
10646 11212
10651 9869
10654 11223
10657 11177
10658 11180
10662 11182
10665 11184
10674 5253
10675 8171
10676 5546
10680 5548
10682 9871
10683 11222
10686 9873
10688 11233
10690 11225
10693 9877
10697 1549
10707 11234
10709 7710
10710 7711
10711 5689
10713 11245
10714 9890
10717 5738
10729 7732
10733 7909
10739 9915
10741 2625
10746 9922
10750 8090
10751 9926
10752 9925
10753 9928
10756 9969
10760 9975
10763 11272
10764 9935
10771 9940
10779 9951
10786 11282
10787 11283
10788 9955
10791 7888
10803 8334
10805 6599
10816 8090
10820 9971
10821 7924
10822 9973
10823 11269
10829 9980
10831 11270
10832 9988
10836 9953
10841 7959
10843 8088
10847 11307
10851 9992
10852 9993
10853 11311
10856 7982
10861 8236
10864 8181
10865 8182
10866 11320
10867 10028
10876 11326
10878 8011
10903 10069
10916 10074
10924 10079
10925 9980
10930 11354
10931 8115
10934 10102
10935 10103
10941 9996
10947 8223
10953 10198
10955 10119
10959 8492
10960 8497
10961 8496
10966 11349
10980 11360
10981 10144
10984 7980
10989 10214
10999 10154
11002 10156
11003 10135
11006 10159
11014 3657
11016 10171
11017 10248
11020 10250
11022 10174
11024 11511
11028 5763
11029 1387
11032 10184
11041 725
11044 10590
11053 10213
11057 10254
11059 10085
11061 4844
11063 10130
11071 10226
11107 8226
11143 6166
11158 10296
11159 10373
11161 11577
11178 10278
11187 11622
11188 11579
11193 10318
11198 12076
11201 12155
11206 11189
11211 10324
11212 10325
11213 10327
11214 8457
11217 8551
11218 8462
11219 8482
11220 10343
11223 8462
11225 8474
11226 10347
11227 10348
11230 8486
11240 8494
11241 8495
11242 10362
11250 10997
11256 10389
11257 10997
11284 10421
11286 10425
11292 10092
11295 8559
11297 10436
11298 8560
11299 8562
11301 10443
11306 10367
11309 11576
11312 10456
11332 10398
11333 10399
11349 10410
11360 8607
11361 10484
11363 10487
11366 8613
11369 8637
11379 10469
11384 8646
11386 8632
11387 10514
11388 8647
11389 11635
11396 10225
11398 5999
11401 8645
11406 12142
11428 8830
11430 10577
11431 8842
11433 8844
11436 10582
11437 10584
11438 10585
11439 10589
11445 10559
11447 8859
11457 8871
11458 8892
11459 8893
11460 10605
11461 8873
11462 8874
11467 8892
11468 8893
11469 10702
11480 10621
11483 8891
11498 9007
11504 9020
11508 9020
11517 9034
11529 6764
11530 9047
11531 9048
11533 9051
11534 9052
11535 9053
11537 9054
11538 9056
11539 9058
11540 10679
11541 9063
11557 9082
11559 9083
11561 9084
11563 10696
11564 10697
11566 9086
11567 10700
11568 10701
11569 9097
11577 9094
11591 9103
11597 10722
11608 9220
11610 10810
11614 9225
11616 9184
11617 9182
11618 9049
11619 9227
11620 9228
11621 9186
11631 10721
11637 9217
11639 9239
11640 10838
11641 9224
11642 9229
11643 9230
11646 9255
11647 9241
11648 9245
11650 6571
11659 11673
11667 10849
11669 10845
11670 10855
11675 8458
11689 10795
11696 10886
11697 10888
11699 10829
11700 11751
11702 10900
11704 11768
11705 10891
11706 10892
11707 9231
11708 9232
11711 11774
11715 9103
11735 10930
11736 10870
11737 10871
11746 10855
11748 12123
11750 11796
11756 10952
11772 6642
11773 1298
11777 10239
11782 8543
11792 10944
11799 11837
11800 10931
11812 11774
11815 11847
11816 11844
11818 11848
11819 9533
11822 12056
11832 9455
11839 10229
11852 9312
11861 11857
11864 10990
11867 11017
11868 11858
11869 11019
11873 10998
11874 10999
11882 11829
11887 6326
11890 11860
11892 11838
11898 11027
11899 11033
11907 11870
11909 11869
11910 9526
11914 9455
11922 7135
11926 9555
11928 6654
11929 1301
11930 4607
11939 11069
11940 11106
11941 11070
11942 11072
11943 11886
11950 11078
11953 11112
11955 11080
11956 11081
11959 3897
11977 7157
11979 7162
11985 11889
11994 7013
11998 7245
11999 11901
12000 11902
12002 11903
12003 11904
12004 11911
12010 7013
12014 11914
12015 11915
12017 9717
12020 4716
12024 9504
12025 5317
12049 11223
12050 11933
12051 11173
12052 11175
12053 11176
12054 11178
12055 11179
12056 11180
12059 11181
12061 11935
12070 5273
12072 7749
12078 7760
12079 11926
12080 11222
12084 7822
12091 7711
12096 11944
12098 9935
12101 7712
12104 11242
12105 11245
12106 9890
12115 9908
12116 5331
12135 8096
12137 11963
12145 11270
12152 11347
12153 11281
12166 7909
12168 5865
12175 11279
12176 11280
12177 11966
12181 10073
12185 11969
12188 11326
12207 11349
12209 11347
12215 10986
12229 10219
12238 10071
12242 10255
12243 10028
12250 10297
12259 10338
12269 11344
12271 11349
12272 11350
12273 11351
12277 11354
12282 10135
12287 12024
12292 11361
12296 11511
12311 11401
12314 10250
12318 12043
12319 10175
12326 10182
12327 11441
12340 11476
12342 11452
12343 11453
12355 11462
12358 11420
12363 9278
12374 12057
12376 11475
12398 11487
12413 12121
12416 10283
12420 10243
12422 10244
12436 11551
12451 10290
12454 11538
12455 10308
12456 11507
12459 11542
12465 10307
12467 4626
12469 10310
12475 10225
12491 10425
12498 10432
12500 10438
12501 10436
12502 10437
12503 10440
12507 10443
12508 11570
12509 10444
12510 11572
12512 10448
12515 10456
12537 11640
12539 6571
12540 10092
12544 10092
12549 10483
12551 11608
12552 10487
12556 11613
12557 11614
12559 11617
12561 11618
12580 10510
12582 10511
12584 10515
12585 10516
12610 10225
12614 10602
12627 11671
12635 10225
12643 10691
12644 10692
12645 10694
12647 10709
12649 11734
12650 10701
12669 11730
12672 11731
12673 10769
12675 10770
12676 11734
12677 11716
12683 10791
12689 11753
12690 11735
12691 6571
12694 11751
12696 9059
12702 10762
12704 11767
12707 11768
12708 11769
12712 11774
12713 11775
12718 11784
12721 11779
12722 11789
12723 11787
12724 11788
12733 11807
12735 11811
12736 11812
12750 9402
12756 11844
12757 10884
12771 4601
12815 9454
12816 9455
12818 10225
12821 8943
12823 7157
12827 11889
12829 11902
12830 11085
12833 9384
12835 127
12837 11901
12839 11911
12851 11915
12853 9717
12862 11157
12871 9722
12877 11943
12878 11944
12879 11946
12890 11208
12892 9921
12900 11968
12910 11969
12914 9927
12916 11377
12920 10072
12923 11995
12930 11993
12932 10073
12933 10075
12941 12038
12945 12006
12956 11401
12958 11458
12970 11465
12980 12024
12987 12043
12988 12044
12996 11401
13012 11410
13015 11506
13017 12030
13021 11423
13029 12072
13034 11440
13041 12059
13042 12080
13044 12063
13045 12064
13057 10225
13060 12090
13064 11536
13077 12121
13087 12107
13097 12113
13103 6571
13111 12119
13115 11468
13122 10702
13127 11611
13129 11606
13131 12132
13132 12133
13135 11621
13142 10225
13149 12150
