2 1
6 24
9 2
10 30
11 35
11 36
23 80
26 88
27 7
28 8
32 124
37 13
38 14
39 15
42 12
44 17
48 131
52 19
56 150
60 21
62 22
64 136
65 23
69 150
72 25
76 28
78 31
82 37
84 36
86 39
89 61
92 64
114 316
120 75
121 337
122 86
125 79
126 92
128 98
139 108
142 115
143 117
145 118
146 111
148 122
149 123
150 120
155 126
156 106
159 129
161 128
162 132
163 134
168 135
172 139
175 140
176 127
177 143
178 144
179 145
180 133
182 146
186 148
189 149
192 154
193 153
194 142
196 151
202 155
207 161
208 156
209 160
213 162
214 163
214 198
216 166
217 169
218 170
219 172
220 174
223 180
225 182
227 173
227 190
228 183
229 185
231 186
232 187
233 188
234 191
235 193
237 195
239 196
240 200
241 196
243 201
245 205
246 202
248 206
251 205
252 207
254 208
256 209
258 210
259 211
260 215
261 198
262 214
264 221
265 219
266 222
267 223
268 224
271 226
272 227
273 229
274 231
276 232
279 239
280 240
283 230
289 216
289 238
293 184
293 246
306 292
313 290
314 295
315 300
318 307
319 304
321 290
321 301
329 318
330 301
333 320
335 287
342 298
342 311
342 335
344 330
346 311
347 285
348 309
352 269
353 340
354 283
357 334
360 332
364 280
365 340
366 335
366 355
367 354
372 358
373 314
373 326
374 294
375 338
376 324
378 327
379 302
384 564
385 342
386 373
387 339
389 348
391 359
391 379
392 369
399 360
400 357
405 363
407 370
408 372
411 368
414 374
415 378
416 379
416 389
418 380
419 385
420 384
422 383
423 387
424 389
427 392
428 391
430 398
432 395
435 400
436 401
438 405
441 406
443 402
444 622
446 410
447 411
448 419
449 414
450 413
451 418
452 421
454 416
456 420
457 415
458 422
459 423
461 424
462 428
463 425
464 426
465 429
467 437
468 431
469 432
470 430
470 434
471 435
473 440
474 443
475 445
476 446
477 442
478 447
480 450
482 451
485 454
486 453
488 456
490 421
491 455
492 458
494 460
495 461
497 466
498 473
500 468
501 469
502 467
505 471
506 475
507 477
509 478
510 480
511 479
512 421
514 483
516 485
519 490
520 492
521 491
522 493
523 494
525 495
526 728
527 234
529 501
541 524
543 526
546 527
548 530
549 296
560 515
567 546
569 552
573 288
574 529
578 541
579 556
581 558
583 561
585 560
586 322
590 282
592 515
595 312
596 567
605 329
606 562
607 566
608 568
609 541
613 333
615 572
617 571
619 574
620 575
621 353
622 346
623 576
626 353
633 583
637 587
638 585
641 588
642 589
643 598
643 604
645 592
647 594
648 599
650 595
651 596
656 600
657 602
659 603
660 604
661 605
663 597
665 606
668 608
670 609
672 607
672 610
674 395
675 611
678 618
678 620
681 404
682 625
684 628
685 417
687 631
688 631
689 631
690 427
691 636
694 626
695 638
697 643
698 626
699 438
700 652
701 641
703 644
705 441
707 650
708 626
709 640
709 648
710 649
711 650
713 625
714 654
715 449
716 657
717 658
718 661
720 651
721 666
722 655
723 663
725 624
726 664
727 667
729 668
730 459
732 669
733 672
734 624
735 462
736 670
737 674
739 671
740 676
741 675
742 470
743 682
745 814
746 680
751 687
752 688
753 685
754 686
756 683
760 693
761 689
766 697
767 699
768 705
769 702
772 706
776 712
777 713
778 487
781 710
782 715
783 720
784 722
785 723
786 719
787 716
788 726
790 721
792 245
793 719
793 735
796 733
798 730
798 737
799 514
804 522
805 741
808 513
808 559
809 514
814 547
817 532
821 537
822 539
823 743
825 747
830 748
833 514
833 553
836 555
837 749
838 555
839 557
841 559
841 565
842 557
843 749
846 565
849 555
850 553
852 565
853 579
855 580
856 763
859 762
862 765
868 586
870 579
876 768
877 616
884 773
885 623
886 780
890 781
892 790
894 791
900 794
903 647
905 800
910 803
912 806
915 809
916 809
917 656
923 812
925 820
927 823
928 824
932 711
