26 97
27 7
28 8
33 124
37 13
38 14
39 15
42 9
44 17
46 20
48 131
52 19
60 21
62 22
64 136
65 23
72 25
76 28
77 26
82 37
84 36
86 39
88 287
92 62
121 340
122 91
124 316
127 98
128 104
130 101
131 106
139 108
142 115
143 117
145 118
146 111
149 123
150 120
154 125
155 126
156 106
159 129
161 128
162 132
168 135
172 139
175 140
177 143
178 144
179 145
180 133
182 146
186 148
189 149
191 159
192 154
193 153
194 142
196 151
197 147
198 156
202 155
203 156
207 161
209 160
213 162
214 163
214 198
216 166
217 169
218 170
219 172
220 174
221 176
223 180
225 182
226 181
227 173
227 190
228 183
229 185
231 186
232 187
233 188
234 191
235 193
237 195
239 196
240 200
241 196
246 202
248 206
251 205
252 207
254 208
255 210
256 209
258 212
259 211
260 215
261 198
262 214
263 217
264 221
265 219
266 222
267 223
268 224
270 198
270 237
271 226
272 227
273 229
274 231
276 232
279 239
280 240
283 230
289 216
289 238
293 184
293 246
297 292
304 284
313 301
315 310
318 318
321 301
325 314
330 269
330 290
331 286
339 300
342 298
342 311
342 335
343 321
344 308
344 330
346 311
350 298
351 289
353 319
355 285
360 283
363 344
364 280
365 340
366 336
368 334
369 312
373 326
376 324
377 331
378 327
379 302
379 320
382 332
384 333
385 342
386 373
387 339
389 348
391 359
391 379
392 355
392 369
395 349
397 354
399 356
400 357
402 360
404 371
405 363
407 370
408 372
411 368
413 378
414 374
416 379
416 389
418 380
419 385
420 384
422 383
423 387
424 389
427 392
428 391
430 398
432 395
435 400
436 401
438 405
441 406
443 402
444 622
446 410
447 411
448 419
449 414
450 413
451 418
452 421
454 416
456 420
457 415
458 422
459 423
461 424
462 428
463 425
464 426
465 429
467 437
468 431
469 432
470 430
470 434
471 435
473 440
474 443
475 445
476 446
477 442
478 447
480 450
482 451
485 454
486 453
488 456
490 421
491 455
492 458
494 460
495 461
497 466
498 473
500 468
501 469
502 472
505 471
506 475
507 477
509 478
510 480
511 479
512 421
514 483
516 485
519 490
520 492
521 491
522 493
523 494
525 495
526 728
527 235
529 501
539 288
543 525
548 527
549 303
557 528
558 322
560 515
565 534
566 540
569 545
570 546
574 529
578 562
579 548
581 550
582 554
584 558
589 561
590 282
590 562
592 515
594 563
604 560
605 329
606 541
607 568
609 353
611 567
613 564
615 572
616 574
617 571
620 575
621 353
622 346
623 576
626 353
633 583
637 587
638 585
641 588
642 589
643 598
645 592
647 594
648 599
650 595
651 596
656 600
657 602
659 603
660 604
661 605
665 606
668 608
670 609
672 607
672 610
674 395
675 611
678 618
678 620
681 404
682 625
684 628
685 417
687 631
688 631
689 631
690 427
691 636
695 638
697 643
698 626
699 438
700 652
701 641
703 644
705 441
707 650
708 626
708 645
709 640
709 648
710 649
711 650
713 625
714 654
715 449
716 657
717 658
718 661
720 807
721 666
722 655
723 663
725 624
726 664
727 667
729 668
730 459
732 669
733 672
734 624
735 462
736 670
737 674
739 671
740 676
741 656
742 470
743 682
749 684
752 688
753 685
756 679
757 686
760 693
761 689
762 694
763 691
766 697
767 699
768 705
769 702
771 695
772 706
775 701
776 712
777 713
778 487
779 703
782 715
783 720
784 722
785 723
786 719
787 716
788 726
790 725
792 245
793 719
793 735
796 733
798 730
798 737
804 522
808 513
808 549
808 559
811 744
814 514
817 532
823 537
826 547
833 514
833 553
838 555
839 557
840 555
841 559
841 565
842 557
846 565
849 555
850 553
851 756
852 565
853 579
855 580
856 763
862 765
868 586
870 579
876 768
877 616
882 775
884 773
892 790
894 792
896 647
897 794
900 795
909 803
911 651
914 665
918 809
923 808
924 677
925 814
926 680
932 711
941 724
