2 1
3 9
6 24
9 2
10 30
11 35
11 36
18 67
27 7
28 8
29 9
33 124
37 13
38 14
39 15
42 12
45 18
48 131
52 19
54 20
56 150
59 21
61 22
64 136
65 23
72 25
76 28
77 26
82 37
84 36
86 39
92 62
112 316
114 319
121 304
122 86
122 91
126 92
131 91
132 89
134 106
135 106
139 108
141 109
142 115
143 117
145 118
146 111
148 122
150 120
153 123
155 126
156 106
159 129
161 128
163 134
164 135
172 139
175 140
176 127
177 143
178 144
179 145
180 133
182 146
186 148
189 149
192 154
193 153
194 142
196 151
202 155
207 161
208 156
209 160
213 162
214 163
216 166
217 169
218 170
219 172
220 174
221 176
223 180
224 181
225 182
227 173
227 190
228 183
229 185
231 186
232 187
233 188
234 191
235 193
237 195
239 196
240 200
241 196
246 202
248 206
251 205
252 207
254 208
255 210
256 209
258 212
259 211
260 215
261 198
262 214
264 221
265 219
266 222
267 223
268 224
270 198
271 226
272 233
273 229
274 234
275 228
276 232
283 231
289 216
289 238
293 184
293 246
303 302
306 292
313 290
319 315
321 290
330 301
331 286
333 308
339 300
342 335
343 321
344 280
346 298
346 311
347 289
348 288
351 285
352 326
353 319
354 283
360 320
362 301
365 340
365 350
365 359
366 355
368 338
373 314
373 326
378 327
379 330
380 364
384 333
387 339
389 349
390 346
391 359
391 379
392 355
392 369
393 356
395 361
397 354
398 369
399 360
400 357
401 373
404 371
405 363
407 370
411 368
414 374
415 378
416 379
416 389
418 380
419 385
420 384
422 383
424 389
427 392
428 391
430 398
432 395
435 400
436 401
438 405
441 406
443 402
444 622
446 410
447 411
448 419
449 414
450 413
451 418
452 421
454 416
456 420
457 415
458 422
459 423
461 424
462 428
463 425
464 426
465 429
467 437
468 431
469 432
470 430
470 434
471 435
473 440
474 443
475 445
476 446
477 442
478 447
480 450
482 451
485 454
486 453
488 456
490 421
491 455
492 458
494 460
495 461
497 466
498 473
500 468
501 469
502 472
505 471
506 475
507 477
508 481
509 478
510 480
511 479
512 421
514 483
516 485
517 488
518 489
519 490
520 492
522 493
523 494
524 491
525 495
527 235
528 497
529 728
541 527
551 282
555 530
557 533
558 295
560 515
562 306
565 542
567 551
569 552
570 556
572 548
574 529
581 558
583 561
585 560
586 303
590 541
592 515
601 324
605 329
606 541
606 562
609 541
611 567
613 564
615 572
616 573
617 568
620 575
621 353
622 351
623 576
626 353
633 583
637 587
638 585
641 588
642 589
643 598
643 604
645 592
647 594
648 599
650 595
651 596
656 600
657 602
659 603
660 604
661 605
663 597
665 606
668 608
670 609
672 607
672 610
674 395
675 611
678 618
678 620
681 404
682 625
684 628
685 417
687 631
688 631
689 631
690 427
691 636
694 626
695 638
697 643
698 626
699 438
700 652
701 641
703 644
705 441
707 650
708 626
709 640
709 648
710 649
711 650
713 625
714 654
715 449
716 657
717 658
718 661
720 651
721 666
722 665
723 663
725 624
726 664
727 667
729 668
730 459
732 669
733 672
734 624
735 462
736 670
737 674
739 671
740 676
741 677
742 470
743 682
746 680
751 687
752 688
753 685
754 686
756 683
760 693
761 689
766 697
768 709
769 702
772 706
774 699
776 712
777 701
778 487
779 703
781 710
782 715
783 720
784 722
786 719
787 716
788 726
789 723
790 721
792 728
793 719
793 735
795 733
798 726
798 730
799 514
808 513
808 559
814 514
817 538
819 743
821 537
822 539
823 547
825 747
830 748
833 514
833 553
836 555
837 749
838 555
839 557
841 559
841 565
842 557
843 749
846 565
849 555
850 553
851 756
852 565
853 579
855 580
856 763
868 586
870 579
876 768
877 616
884 773
885 623
886 780
890 781
892 790
894 791
900 794
903 647
908 645
909 800
910 803
912 802
916 809
917 656
920 813
927 823
928 824
932 711
