2 1
6 24
9 2
10 30
11 35
11 36
23 69
27 7
28 8
32 11
33 124
36 150
37 13
38 14
39 15
42 12
45 18
48 131
52 19
59 21
62 22
64 136
65 23
72 25
77 26
83 37
84 36
86 39
88 287
93 59
120 75
141 113
142 115
143 117
145 118
146 119
150 120
153 123
154 125
155 126
156 106
157 139
159 129
161 128
162 132
163 134
168 135
175 140
176 127
177 143
178 144
179 145
180 133
182 146
186 148
187 137
191 149
192 154
193 153
194 142
196 151
197 152
198 156
202 155
203 156
207 161
209 160
213 162
214 163
216 166
217 169
218 170
219 172
220 174
221 176
223 180
224 181
225 182
227 173
227 190
228 183
229 185
231 186
232 187
233 188
234 191
235 193
237 195
239 196
240 200
241 196
243 201
246 202
248 206
251 205
252 207
254 208
255 210
256 209
258 212
259 213
260 217
261 198
262 214
262 216
264 221
265 219
266 222
267 223
268 224
270 198
271 226
272 227
273 229
276 232
279 228
283 234
287 235
288 241
289 238
289 244
293 184
293 246
301 298
313 290
314 293
315 300
317 299
318 305
319 311
321 290
321 301
326 316
330 314
331 286
335 319
342 315
344 330
346 336
347 285
348 309
351 289
366 304
367 332
370 358
372 328
373 314
373 326
376 324
378 327
379 302
379 308
380 367
383 375
384 333
386 373
387 339
389 348
391 359
391 379
392 340
395 349
397 354
399 356
400 357
402 360
404 371
405 363
407 370
408 372
411 368
414 374
415 378
416 379
416 389
418 380
419 385
420 384
422 383
424 389
427 392
428 391
430 398
432 395
436 401
438 405
441 406
443 402
444 408
446 410
447 411
448 419
449 414
450 413
451 418
452 421
454 416
456 420
457 415
458 422
459 423
461 424
462 428
463 425
464 426
465 429
467 437
468 431
469 432
470 430
470 434
471 435
473 440
474 443
475 445
476 446
477 442
478 447
480 450
482 451
485 454
486 453
488 456
490 421
491 455
492 458
494 460
495 461
496 465
497 466
498 473
500 468
501 469
502 472
505 471
506 475
507 477
509 478
510 480
511 479
512 421
513 483
514 484
515 485
517 488
519 490
520 492
521 491
522 493
523 494
524 496
525 495
527 240
528 497
529 728
549 296
557 527
560 515
561 528
563 536
565 534
566 540
567 544
569 545
570 546
572 542
574 529
578 541
578 562
580 288
582 554
584 558
585 560
589 561
590 562
592 515
595 317
607 566
609 353
611 567
613 564
615 572
617 571
619 574
620 575
621 353
622 346
623 576
633 583
637 587
638 585
641 588
642 589
643 598
645 592
647 594
648 599
650 595
651 596
656 600
657 602
659 603
660 604
661 605
665 606
668 608
670 609
672 607
672 610
674 395
675 611
678 618
678 620
681 404
682 625
684 628
685 417
687 631
688 631
689 631
690 427
691 636
695 638
697 643
699 438
700 652
701 641
703 644
705 441
706 646
707 650
709 640
709 648
710 649
711 650
713 625
714 654
715 449
716 657
717 658
720 651
721 666
722 655
723 663
725 624
726 664
727 667
729 668
730 459
732 669
733 672
734 624
735 462
736 670
737 674
742 470
743 682
744 681
749 671
751 687
752 688
753 685
754 686
766 697
768 705
769 702
770 689
772 706
775 701
776 712
777 713
778 487
779 703
781 710
782 715
783 720
784 722
786 719
787 716
788 726
789 723
790 721
792 728
793 719
793 735
795 506
796 733
798 730
808 513
808 549
808 559
810 522
811 744
814 514
817 532
822 537
826 539
833 514
833 553
836 555
838 555
839 557
841 549
841 559
842 557
846 565
849 555
850 553
853 579
855 565
855 580
856 763
859 762
861 764
862 765
865 613
868 586
870 579
876 768
877 616
882 775
891 793
892 790
894 792
896 647
900 795
904 626
905 799
910 803
914 656
916 809
920 815
923 813
924 673
925 821
926 693
927 823
932 711
