2 17
4 20
5 19
6 2
9 34
13 6
15 9
17 13
18 11
21 53
23 14
24 61
26 56
29 60
31 58
33 22
34 18
36 23
38 24
41 67
43 27
45 31
46 36
47 32
48 30
50 37
53 39
54 42
55 43
58 79
59 47
67 50
77 101
78 59
79 62
80 63
81 64
83 68
84 69
85 72
89 76
91 71
93 70
95 78
97 77
113 98
116 95
118 97
120 99
121 102
122 57
123 103
124 105
126 104
128 113
133 114
134 115
137 116
139 117
155 159
168 174
169 183
171 180
172 195
173 191
174 173
175 190
177 182
178 192
180 205
181 202
183 118
184 119
185 206
186 208
187 210
189 141
195 144
210 178
214 265
215 181
216 179
217 175
218 187
224 272
226 275
234 213
235 211
236 280
237 281
240 215
241 214
242 217
243 216
244 219
248 286
251 218
253 226
268 252
270 257
271 255
272 256
273 254
274 259
275 258
276 260
284 267
285 269
286 268
287 396
288 399
289 274
290 271
291 398
292 411
293 278
295 283
299 287
301 295
306 340
307 342
309 345
311 347
314 348
315 350
317 358
318 357
323 355
328 359
330 365
336 367
337 368
352 393
354 394
358 397
361 400
362 403
363 401
364 402
366 406
367 405
368 409
369 413
374 430
377 432
380 438
381 436
384 435
393 429
401 618
416 504
418 482
420 503
421 380
457 595
460 594
467 408
472 603
473 607
476 611
483 619
489 676
