0.49832 4.5228 33.1418 0.77093
140.6797 69.5471 134.6418 71.4649
146.6773 65.3837 141.8477 69.3418
156.0402 41.8824 156.24 30.6359
159.2054 73.0904 158.5637 99.3857
159.4891 60.6325 158.6665 73.1606
160.8238 41.8578 226.9562 98.2457
162.96 74.3646 163.7517 61.8356
167.7393 64.9596 165.4229 63.4313
176.22 72.5911 167.0983 64.2474
84.6452 84.851 158.5368 42.8986
99.1985 95.8946 83.8135 85.8232
112.7989 83.0073 102.7859 91.1775
113.1843 130.6397 116.8978 115.6307
116.0014 100.7703 121.2693 87.1237
116.855 134.1141 133.1053 132.8677
117.7286 143.6066 113.9664 130.7445
118.3302 115.6934 117.2662 99.4312
124.5305 118.0965 122.8996 109.1874
125.0341 108.6939 122.0211 98.9436
132.9663 154.0116 127.8503 156.2462
135.2135 153.6483 143.5726 148.9155
135.3148 135.4579 133.4192 153.1565
136.5001 86.8704 135.9017 135.6437
149.7236 159.9788 144.8911 162.769
150.2177 111.4447 156.5988 105.4037
150.6408 145.1308 154.4375 135.65
151.4682 130.483 155.7643 118.1736
155.6706 100.6279 156.6105 85.6084
156.4222 159.3618 155.3966 194.4049
156.4713 157.2995 150.9343 160.0074
157.0657 149.0903 167.7223 156.2264
158.4 103.0855 156.7297 144.3691
159.5968 107.093 173.8567 117.0802
159.6384 153.1945 158.6313 157.0087
160.008 126.8892 160.2336 116.8662
162.1404 111.8433 164.0889 128.1592
163.5229 135.5818 165.1455 150.5414
167.7632 150.9553 175.015 158.8998
168.2015 149.6383 172.3294 148.4383
169.6609 90.6543 168.1286 105.6254
176.4691 149.3925 177.0136 123.1279
176.8979 157.6933 183.4374 167.5002
177.2878 96.9595 179.6489 85.4252
177.4058 116.8905 177.9545 98.0836
179.3831 136.8375 190.6483 139.267
184.899 111.1952 188.1514 115.3361
185.8975 86.6702 197.3132 101.8559
194.3014 87.3352 176.525 73.5772
196.1943 138.119 196.3644 154.3803
196.5238 155.6234 196.4681 168.1232
197.2303 103.1137 197.5499 113.1829
197.9132 131.2588 204.2556 141.9458
198.926 116.7601 197.9833 130.7
208.8154 97.6626 194.7162 87.6448
209.4178 158.2168 208.5529 146.8425
211.0242 139.3989 211.7745 126.869
213.2909 103.0518 213.9801 128.1358
213.7828 129.3684 213.185 183.1396
227.6751 98.3076 215.2713 103.5358
44.9883 239.772 32.5382 253.8563
64.5665 236.2028 50.3107 240.9265
84.5912 179.9003 106.4715 170.8945
89.3821 229.4617 92.3297 186.7339
92.5809 175.5909 97.5961 95.5918
93.6163 186.5715 85.8493 180.3452
99.1995 160.6131 100.2218 145.5975
103.2583 166.0832 116.6055 162.199
107.2835 171.5329 123.1361 164.3997
108.7331 176.803 108.0255 183.1138
117.0605 160.6086 116.8892 145.5963
119.0642 187.3904 123.3848 179.5175
123.4899 171.4176 110.3267 177.4769
125.5904 163.047 155.7467 149.649
135.3256 165.4835 133.42 169.5145
139.5983 165.4124 140.817 166.6921
142.1599 167.5459 131.8888 171.9075
151.4994 235.5076 148.6748 244.5468
155.081 205.6128 154.4333 234.4044
159.8333 237.3723 172.6405 245.1706
161.6453 160.8876 156.9541 156.7845
175.6382 169.355 162.9211 160.933
176.6622 207.1614 183.0827 211.9319
180.4912 172.1952 175.7901 170.23
183.7625 166.9224 192.6032 171.6092
186.4365 176.318 180.8438 172.7793
192.3231 172.4398 198.4186 176.4261
193.1859 180.5283 187.021 176.6433
194.3179 168.2126 182.9914 160.83
195.4482 180.1842 199.1104 178.7154
196.9805 215.4442 185.8676 208.9593
196.9919 170.3017 200.7079 171.6458
199.3489 174.9868 210.233 182.447
203.0542 182.0385 199.4403 180.4742
205.1301 183.3978 202.6361 187.8512
208.1464 190.6007 205.5006 188.266
208.524 192.4461 213.0577 189.2787
209.2657 183.3512 219.3312 188.2155
209.5861 206.5796 198.5912 198.7227
213.1167 235.6019 213.7208 268.1371
213.2137 195.6171 213.451 235.6305
219.1404 190.2361 211.9832 194.5544
254.296 181.457 243.2058 183.5528
383.1578 160.5164 369.5178 156.4015
30.6757 272.2477 14.3872 274.4647
80.7801 266.218 88.1059 264.3022
84.0254 313.1811 86.4443 274.3482
86.9663 263.131 89.126 230.5257
87.9592 265.1369 108.1745 258.2707
88.1885 274.2915 79.6297 267.7897
91.2975 257.7556 98.4463 252.2958
97.0615 269.8562 89.2771 272.8724
108.2295 265.9161 99.2857 269.1263
119.2257 253.9452 147.2508 244.2065
119.4658 292.2524 106.7971 295.3014
119.5982 267.6873 109.3421 270.5053
123.3623 261.4198 114.3004 264.125
133.5544 258.3021 132.4913 260.8792
136.8689 257.8542 129.3447 258.0228
141.0607 254.3376 135.8369 256.2148
146.9631 252.0865 141.8147 254.2301
152.6733 301.8631 152.1454 321.8821
153.2068 241.7103 173.7344 251.897
153.5424 256.8542 152.5409 296.8917
158.9003 252.7371 154.0073 250.0427
167.0249 256.5853 159.5779 252.7328
168.0261 252.0772 155.4719 245.9381
170.483 314.7151 161.6982 311.0486
174.9389 250.7471 220.4399 273.4952
187.0189 244.091 199.4846 250.4087
187.1763 266.2489 169.0599 257.5298
189.546 262.7794 174.5149 255.3423
193.6189 269.7693 187.7035 266.3553
195.566 255.7434 181.5578 248.7615
199.3763 271.8719 194.2341 269.7103
203.8468 274.087 200.438 272.2156
204.7092 274.099 206.9506 276.8126
213.9998 279.3526 214.6066 370.6318
216.3342 291.4988 240.3393 283.5158
220.4401 275.2585 212.9538 279.0358
261.8929 281.6523 269.4446 282.2612
271.9536 278.5676 285.7138 276.125
290.6267 278.13 300.7381 274.7093
329.3446 277.3747 348.1144 276.6132
13.1306 375.3913 0.60789 375.0927
74.5072 370.2993 95.8568 367.246
79.4124 395.6974 80.3397 379.2183
80.9727 366.8946 84.0022 313.0337
82.6407 378.8659 73.3443 372.7894
95.2935 367.1967 102.0242 364.7928
98.1359 373.1562 86.9413 377.0648
105.5401 364.0294 149.4053 353.2484
128.4511 366.6541 117.9237 369.9896
145.777 362.5923 134.25 365.0352
149.3372 350.4741 133.1615 354.5208
150.6448 353.064 219.8265 375.4818
151.9026 324.3757 151.6244 335.6497
153.1356 361.9593 162.059 360.833
153.1664 346.7338 169.4807 351.5142
153.5833 358.8323 146.3293 363.5329
165.6589 365.4554 155.8023 363.4872
173.1367 356.8396 159.2536 352.2415
180.6649 370.4979 165.1608 365.6248
182.7934 392.4384 189.3299 389.2816
190.569 327.0252 202.0838 331.3146
198.0405 388.0787 205.5899 387.5864
198.205 394.7538 209.48 392.3722
201.1822 356.8854 201.0649 363.1566
211.9409 370.4484 190.4232 362.4156
213.9027 394.4158 204.7202 399.948
214.2897 380.9051 181.7615 370.9977
215.5145 377.2171 163.2224 360.3237
217.946 372.0134 283.0687 361.5255
221.7011 388.8805 254.5365 377.3343
223.0198 386.4018 204.3585 390.551
225.2302 395.8706 245.5327 387.89
234.8767 395.5983 224.5611 399.8288
241.8254 393.7386 235.6132 394.2231
244.2006 385.1236 222.9169 392.5269
255.2053 379.0563 252.4847 382.6387
256.7184 376.3002 270.7862 372.4665
265.8587 385.0427 241.9723 393.403
279.6745 379.9475 267.2479 386.4484
286.9142 354.6919 311.9943 351.5897
287.1014 365.4419 342.8315 434.3729
288.1748 380.5831 296.2057 390.1369
296.243 398.9061 281.5887 379.5922
298.8936 389.7498 291.2153 379.8886
320.6954 345.2893 303.1791 341.617
0.28992 411.276 77.9575 397.2009
5.6336 424.6182 13.1243 424.3541
14.227 443.5855 1.9249 445.8911
20.3859 424.2218 49.3598 419.2856
30.5415 437.2064 21.8632 437.9949
43.11 440.4843 14.4206 443.5513
48.4268 411.0193 59.9293 402.216
60.6356 438.1981 46.6361 440.225
65.7437 437.5309 61.8936 438.2277
78.484 411.9043 77.7671 420.6977
79.4649 436.1611 66.899 438.2682
83.9168 458.2669 85.9476 446.9328
101.9859 417.7367 89.3731 419.3604
116.8449 465.3158 135.6601 463.4862
134.3658 439.3129 119.3264 441.5477
150.3256 431.8638 149.9507 441.8965
151.0527 403.0635 150.2023 414.4369
151.8673 400.6925 163.114 401.972
185.9348 442.0945 194.7556 429.6447
191.7796 437.4995 203.1466 435.7664
202.6137 429.4437 201.4361 420.684
202.8779 405.1837 209.7674 401.3258
206.1842 416.132 209.102 423.2371
211.1698 476.8683 211.1098 483.1296
211.3385 474.0662 210.4869 475.5455
211.345 453.11 211.7345 471.852
218.7771 416.8558 218.3351 401.8688
219.4101 436.968 211.6062 439.9127
222.8699 429.8159 232.2627 426.8547
224.5438 404.4143 219.5908 425.6753
231.4247 427.4302 250.0723 442.5564
245.5006 443.2785 234.432 434.3047
249.1858 443.1979 244.2305 449.2568
256.0108 429.3749 256.0138 448.1252
269.9491 412.2493 273.3552 407.0251
269.9836 455.6209 269.6953 413.1228
276.2227 407.1986 279.4558 413.7147
279.612 458.6014 271.7053 456.179
279.6505 412.887 280.21 419.4106
280.3121 420.5954 281.4575 456.8882
283.9516 458.1286 283.6039 416.871
291.4741 413.0123 294.8201 438.2318
291.7997 420.9601 287.5854 424.0835
293.8774 439.3744 293.8545 459.3758
306.0378 441.8857 305.9416 434.3709
315.8084 414.2226 328.2868 429.2406
316.1577 422.6768 296.6851 399.5348
317.9597 473.1666 315.8136 464.6343
318.1233 462.2432 328.123 462.2905
322.0469 458.7325 331.9605 455.9271
331.4671 466.78 330.7451 479.3819
332.3351 440.2123 316.9496 423.0581
333.0836 430.6615 320.7919 416.7278
333.4208 448.0651 339.6382 455.4019
337.7255 458.8835 343.1831 454.4464
342.6241 433.7626 332.8696 442.933
343.148 455.523 346.8094 459.4363
347.0122 459.4297 352.6803 466.0082
349.3749 473.1249 350.6251 471.8751
349.7354 471.8905 340.3206 459.6084
352.3846 456.2312 349.5323 459.5118
360.1444 456.737 358.0594 463.9972
361.3924 458.5489 365.7772 457.5297
366.5041 462.5199 372.3665 458.9268
375.2046 460.063 385.012 452.7265
386.6275 451.9625 389.2615 459.4151
393.6432 458.5071 399.6454 453.4457
409.3482 453.7697 420.6825 454.2407
418.0846 415.4731 405.7888 418.7414
420.9991 455.0475 426.1566 447.2255
430.4306 441.8126 435.8979 442.7075
431.1887 442.8889 433.7895 449.0966
435.625 439.375 435.625 434.375
436.6399 433.3695 437.9138 434.5946
438.5235 438.1109 438.9236 449.391
446.8273 441.8897 444.7487 435.126
458.8645 437.353 463.1506 441.9306
469.703 454.6585 474.7879 449.8078
476.7969 453.015 483.1534 452.8248
2.0508 505.7382 6.1582 499.3587
2.2458 511.9891 1.4066 505.5236
6.2582 498.8806 14.4751 491.9945
7.6498 535.7705 0.0075249 510.8141
7.9511 529.5533 13.6379 535.0991
15.6101 491.9837 26.9888 493.5463
22.2065 497.8965 30.2818 509.6115
27.8373 522.6613 15.8706 533.3987
29.2107 501.8722 28.872 521.8876
31.7247 496.9376 36.8982 509.3654
112.6015 551.896 113.0039 561.93
148.7011 528.138 148.2779 546.8502
171.8555 558.0781 185.7972 552.2898
185.0939 505.4671 186.3213 501.3387
210.095 481.8287 210.8256 493.1925
210.9266 510.6228 211.1521 541.8802
262.6562 553.2386 273.7488 536.461
270.5354 534.0599 284.5717 530.0666
275.4695 536.8846 283.162 535.9203
276.864 551.5455 282.1611 571.4666
281.5605 555.8693 275.5746 548.1641
283.9957 536.1593 293.3539 542.8026
288.0041 548.2966 281.4741 543.6938
288.4949 559.4349 289.2567 570.6331
292.2197 542.609 299.639 565.5396
296.0465 540.4546 300.6575 551.8619
318.2182 523.424 319.7206 516.6737
319.4621 483.2031 318.7879 473.1644
321.1556 505.6674 319.9004 484.3441
332.8949 553.0859 333.9984 581.8894
350.4804 480.7498 349.8046 473.1984
350.5362 499.3754 350.4672 484.37
362.9615 524.3895 364.6218 543.1031
363.1401 515.1717 354.3686 515.0937
365.7231 505.4382 368.1972 506.7376
367.9988 508.2519 374.2677 514.4829
368.2709 493.6403 379.3412 490.5056
450.8748 496.795 447.2586 485.5022
0.19582 587.8359 5.8108 579.5001
6.6515 578.7816 17.7407 574.6047
7.1142 560.9161 0.31766 566.501
18.085 574.4705 30.5005 579.6722
20.6127 560.4194 8.1571 561.1628
25.3421 566.0378 39.3615 575.6447
27.9498 616.8637 25.8579 649.39
28.351 593.136 27.2523 615.6434
29.532 579.7966 35.8347 590.5015
36.1558 591.8464 33.7207 653.1487
45.4392 635.4966 53.123 624.3737
52.8575 611.9845 54.0314 588.0469
53.6321 587.2004 59.0673 578.7296
58.8354 573.9764 61.3334 578.4288
59.25 602.7233 66.8954 602.1446
65.4663 615.6147 65.5963 629.3752
66.9001 591.2552 58.1143 591.6057
68.0478 630.1248 93.1093 629.0193
68.6265 601.8589 68.841 591.8635
70.1007 581.6713 72.7418 591.0833
71.2676 634.446 68.6445 658.1824
71.5165 590.5433 70.4968 610.6185
71.8871 622.0949 81.9255 621.543
74.375 588.125 74.375 589.375
82.7434 611.55 78.744 600.8611
83.1088 604.374 83.8026 593.0898
83.3959 591.9309 84.1892 588.0867
84.375 586.875 84.375 581.875
85.8111 631.814 93.6932 655.8486
91.8842 624.7506 78.1119 625.0866
91.8899 614.0819 54.3747 614.3348
94.5486 628.2009 93.4021 611.9436
117.6723 590.5674 118.9435 580.5701
119.2582 579.4223 116.731 573.1833
122.0582 571.861 123.6883 593.1775
142.0226 605.8908 148.2861 602.4136
147.4508 609.3699 147.2912 630.6375
147.6884 575.6199 147.8525 601.8767
151.1952 628.8878 157.6024 624.098
158.7417 632.486 165.748 639.2476
184.5982 593.0033 185.9128 581.9091
187.9286 605.6361 187.2959 594.4218
194.0286 580.4117 191.7272 570.6599
210.0852 595.5862 210.5657 604.3782
211.0087 608.0328 210.0606 616.9479
211.087 573.0872 210.0652 594.4081
259.3246 577.063 263.2686 551.8975
272.9295 574.3752 272.9394 646.875
276.6646 580.6299 277.3388 609.3934
277.6163 610.6249 277.6215 646.8751
279.5051 619.3736 279.1051 581.8646
279.7325 570.5211 274.9874 554.197
281.1199 580.6209 281.643 644.3769
284.1125 570.6702 281.7063 556.6889
288.2142 618.1227 287.3383 584.363
289.9004 580.6244 289.9812 646.8758
292.0514 560.5621 288.0706 549.3943
292.5935 638.1262 292.4753 584.3737
294.375 609.375 294.375 629.375
294.4271 572.1851 291.7653 561.9034
296.1649 621.8895 295.3967 584.3797
298.2672 584.3665 298.6477 646.8795
301.0932 638.1213 300.6539 581.8748
303.3747 581.8729 303.7771 630.6299
320.9474 614.5002 323.1273 608.8902
321.2338 573.1418 320.3788 540.5986
333.7957 584.3714 333.8558 595.6277
334.0357 626.6911 333.289 633.144
352.9719 574.3755 352.9553 569.3755
353.646 620.6265 353.6745 586.8744
354.7193 633.1114 354.2733 621.8296
365.3612 576.8998 360.5392 525.6331
366.8829 611.9839 356.8451 612.7144
368.2261 632.8215 355.6031 634.1697
370.6356 609.9772 408.146 610.5911
380.5036 638.6995 362.8982 641.8627
388.1034 637.518 380.6129 637.785
395.3622 589.2267 405.7018 587.2838
396.8595 616.0946 378.1299 615.4772
405.6404 607.6281 371.8842 606.5785
405.7308 576.4935 396.8087 577.5807
406.8771 573.8034 383.1228 573.7144
407.9384 585.7253 409.0125 574.3408
409.4137 601.8414 401.8564 593.1412
418.9161 598.1046 419.175 608.1302
419.6024 610.5398 420.1094 619.3326
423.0997 620.3777 435.6548 620.694
425.6175 607.8604 434.396 607.61
426.8629 582.1589 440.6412 582.7447
434.387 597.7081 420.5765 597.3105
434.3984 610.1766 423.1139 609.5881
436.9345 609.4855 435.9929 599.3409
437.5542 619.4463 436.2862 609.2924
440.6748 637.2432 388.1092 638.8616
441.8773 578.8906 429.3737 578.9273
449.3671 630.7549 478.1245 630.5511
455.5899 607.2558 465.7342 608.1913
458.0242 628.2755 450.5867 628.9572
461.9761 600.5642 450.7013 601.5227
465.4636 607.964 466.7468 596.7178
465.8719 626.5822 456.9539 627.5799
476.8965 632.5136 464.3686 632.9359
0.625 649.375 1.875 649.375
4.237 650.343 7.7563 648.6213
8.1775 652.9247 0.54634 650.9252
21.956 653.8929 9.2499 653.2985
54.4802 662.6686 22.2521 655.239
61.7682 667.3931 74.5003 670.0172
70.8984 659.4094 74.3424 632.0281
78.0136 671.1663 93.6381 674.3826
93.4243 673.2408 115.3844 679.0367
96.2493 655.8293 88.3976 631.786
96.9212 670.3094 59.4916 664.8284
104.478 671.355 97.9875 670.0693
106.8289 679.6204 94.5286 677.308
112.0129 657.5676 96.7121 653.7837
116.9296 680.3649 130.8532 683.2882
116.9559 675.3577 105.2632 671.821
123.1027 651.4543 110.6117 651.1184
131.864 683.2405 141.8923 684.1929
140.7299 678.4272 117.9555 675.9058
140.7572 659.7984 125.7416 657.3962
144.5243 685.6796 164.3708 688.1584
151.9065 662.7333 140.7287 661.8351
158.133 683.09 141.6035 679.313
164.2829 685.7994 170.6616 689.1708
166.2076 659.3535 165.7923 648.1188
167.9838 653.9579 181.4585 649.3951
175.6613 685.4285 159.2778 682.4008
181.8244 649.1328 204.3849 644.4226
183.1148 660.2451 165.5938 660.7165
183.9242 693.7407 195.6951 696.5851
189.4136 660.2338 263.1854 667.5125
189.5284 712.8742 201.928 710.97
193.2314 700.2101 145.6541 688.0117
195.6249 653.1251 196.8751 654.3749
205.6214 698.1672 220.83 699.4556
206.9377 640.5988 197.8691 618.9584
208.1107 659.5035 188.0808 657.272
210.4409 643.053 211.4614 658.153
213.0849 693.262 203.1999 690.369
219.3621 697.8137 230.6445 697.3452
221.662 702.7864 239.4817 704.5422
230.6934 709.0886 202.9819 702.4747
235.6639 696.662 214.2163 692.7435
240.4875 703.3142 246.1375 707.4196
241.006 712.2554 231.8271 708.2343
246.3151 712.6664 243.2264 710.4816
246.3821 706.8798 251.9898 709.0826
248.009 711.8795 248.1519 715.624
251.9672 708.804 282.0168 710.3253
253.1605 664.005 208.2146 659.6914
258.9286 654.3755 258.9813 580.6256
272.0731 718.3201 249.4325 714.0687
274.3162 668.6945 296.962 671.0324
276.929 648.5377 260.4702 650.693
276.9564 662.3326 259.3466 665.4655
279.375 646.875 279.375 621.875
282.9762 711.4155 299.1244 714.456
283.0738 704.7318 255.6012 700.7912
284.4081 644.3748 283.9302 584.3785
295.4203 646.8685 296.169 623.1028
296.6742 658.5345 318.1895 653.395
296.8759 708.5425 284.376 708.5711
300.6248 716.8912 325.6074 717.175
300.7245 671.2598 305.7941 672.0795
306.8558 672.0938 326.9207 673.8549
319.4799 653.5541 353.0562 645.3435
326.9286 671.3386 274.3291 666.0846
328.129 712.8488 308.1331 712.5624
334.4704 647.2922 311.7304 652.4926
335.1285 674.9747 351.5247 688.5482
341.868 713.352 360.6387 713.9289
344.6877 673.7746 328.0674 670.966
356.2014 692.4006 370.8677 704.0699
361.7198 640.2944 369.3078 636.7318
382.7274 702.4059 344.9075 674.0831
383.8943 714.7874 396.051 716.7941
393.2539 710.7621 381.8671 709.4437
400.5921 719.4351 403.5682 721.0666
404.3615 704.9874 425.5737 705.4546
410.4489 715.2386 439.5197 721.1653
419.239 697.8865 422.2016 696.1979
424.4033 707.0081 434.372 707.127
429.1539 694.7836 423.0003 696.4003
432.2573 708.6314 442.8771 710.6678
432.6664 656.7203 439.1107 637.6143
434.0894 666.9941 433.3997 658.1037
439.4977 692.3979 429.4633 694.7513
440.4353 674.555 433.1365 666.8641
441.8889 711.7473 458.0838 713.5049
443.1538 700.1062 406.8621 700.4297
445.4259 691.147 440.4558 692.5062
450.625 684.375 449.375 684.375
450.6316 685.6578 444.1413 686.96
454.3686 657.4922 470.6296 657.3275
454.3792 643.0788 465.6503 644.0937
456.2462 717.032 510.7661 702.4007
459.8505 687.2563 445.8339 691.3416
464.3291 718.3154 473.0702 718.5941
464.47 688.39 459.6356 687.9237
470.6203 652.8612 454.3707 652.7836
470.6262 699.6617 448.1262 699.6785
475.2682 680.3682 487.8323 662.9143
476.6462 697.6874 480.1044 695.8793
479.4025 699.9954 470.6147 699.6115
479.4326 685.3763 474.4125 684.2131
0 0 0 0
0 0 0 0
0 0 0 0
0 0 0 0
0 0 0 0
0 0 0 0
0 0 0 0
0 0 0 0
0 0 0 0
0 0 0 0
0 0 0 0
0 0 0 0
0 0 0 0
0 0 0 0
0 0 0 0
0 0 0 0
0 0 0 0
0 0 0 0
0 0 0 0
0 0 0 0
0 0 0 0
0 0 0 0
0 0 0 0
0 0 0 0
0 0 0 0
0 0 0 0
0 0 0 0
0 0 0 0
0 0 0 0
0 0 0 0
0 0 0 0
0 0 0 0
0 0 0 0
0 0 0 0
0 0 0 0
0 0 0 0
0 0 0 0
0 0 0 0
0 0 0 0
0 0 0 0
0 0 0 0
0 0 0 0
0 0 0 0
0 0 0 0
0 0 0 0
0 0 0 0
0 0 0 0
0 0 0 0
0 0 0 0
0 0 0 0
0 0 0 0
0 0 0 0
0 0 0 0
0 0 0 0
0 0 0 0
0 0 0 0
0 0 0 0
0 0 0 0
0 0 0 0
0 0 0 0
0 0 0 0
0 0 0 0
0 0 0 0
0 0 0 0
0 0 0 0
