11.5331 16.3361 2.4343 11.9616
130.4054 41.1803 120.5954 44.2815
187.6725 70.9949 266.5519 93.0314
207.5684 69.5777 209.4484 63.1465
213.8155 66.7139 211.6301 74.3045
157.9442 112.6569 188.0525 71.4861
166.309 150.6406 166.8528 126.8459
166.8845 125.6399 166.779 116.8762
168.1486 116.7707 157.1788 114.2845
171.8357 159.7289 179.3561 159.5913
172.4298 108.3912 169.2901 114.9341
173.3433 151.9098 173.0052 141.879
174.1547 123.0701 177.672 108.9508
175.2564 140.6412 175.2062 135.6167
176.9942 135.8156 175.2512 125.4773
181.2931 99.6435 179.042 105.2457
183.1922 105.626 182.2592 166.8809
186.708 90.5196 181.1858 99.268
191.6611 129.3734 191.4631 155.6219
192.6685 90.5546 192.3554 98.1448
192.7272 99.3656 192.1622 123.1615
193.16 81.8843 191.0484 89.8203
194.1571 125.563 210.7655 128.609
196.7576 128.141 198.6396 141.9751
199.3024 158.9571 206.9622 159.6254
212.0067 144.4185 215.8468 132.7856
213.4325 109.4505 215.9619 99.1508
213.505 128.1358 214.0413 109.3298
216.2824 139.9486 223.7485 137.652
216.4744 101.0554 222.9987 97.8666
216.953 90.3936 194.1001 82.6907
217.1148 142.5683 230.7898 144.3833
223.0287 97.0238 237.2826 106.245
230.52 128.5822 215.4534 125.1224
230.7179 93.9479 217.0698 90.9794
230.7648 110.4675 232.7543 128.0254
232.8911 134.853 228.0501 128.4821
236.4875 144.3373 235.9981 165.6048
236.7584 137.1777 234.7223 144.8016
236.765 125.6006 235.0619 133.2774
238.0125 106.8316 235.17 114.1994
238.4899 116.6462 240.4737 130.6464
250.3268 98.2361 230.9814 93.9983
252.0951 153.3523 250.9476 141.8428
254.1629 138.1234 254.2974 120.6244
256.7972 144.368 256.6387 174.3804
256.9518 105.625 256.9735 143.1257
267.6674 93.8932 252.8824 107.9357
376.0301 158.5977 362.6464 170.0665
387.9074 155.2329 379.0964 160.123
160.181 191.5211 166.8129 185.5559
165.5676 185.647 166.1899 151.8624
167.257 184.8824 174.2209 176.7431
174.1014 176.8722 181.9533 170.725
176.0825 204.3549 175.5883 193.1266
176.6383 161.4132 175.0642 170.7413
182.878 170.5241 187.9687 158.0611
184.2401 238.9729 216.9077 244.1696
188.0515 162.2512 210.6649 166.6711
190.088 208.1202 189.8743 231.8907
190.7988 173.1015 190.1168 204.3912
191.6275 169.1107 166.194 194.9763
191.9131 232.9804 208.3389 237.3142
199.2391 169.8743 191.3061 167.7149
207.1459 171.696 199.4486 170.2368
209.3566 238.077 214.5517 236.0862
211.6869 165.8115 214.1862 168.3136
213.7543 160.6593 212.9165 145.4984
216.6092 174.088 207.8374 171.667
221.7026 169.0711 228.1927 170.2537
228.3152 170.913 238.1768 172.8627
234.2545 166.1247 214.4993 161.3596
235.7277 177.5251 224.3823 175.5824
236.7842 167.4949 243.0822 168.4173
239.3014 172.6922 245.7245 173.2709
245.2604 178.8881 236.7883 177.3538
246.4654 174.1546 252.8037 168.9813
254.3753 176.8771 260.6664 175.8888
255.8423 181.9069 244.507 179.8848
256.4933 184.3644 257.2722 248.1354
283.1154 199.4512 294.4995 200.8908
310.883 239.7533 319.2684 242.2352
313.4038 226.9548 300.677 229.6229
323.2595 224.7659 316.9554 224.3638
335.6449 221.9822 324.3217 224.0881
364.9023 169.61 361.9061 176.3317
432.7322 239.4267 414.2572 242.3908
468.0905 238.9045 438.1597 241.0987
474.4606 229.6336 464.7022 232.8636
476.8058 236.202 484.3545 235.4259
479.4268 225.653 476.4836 231.0898
141.8954 293.2384 159.2823 290.1096
158.7878 262.5285 172.44 248.6821
163.1606 255.6696 165.2024 196.8603
164.1959 267.1415 157.2929 262.5031
170.5789 264.0098 164.2716 264.8052
170.7852 241.8267 172.2704 246.7559
172.7077 260.336 168.0501 261.5988
173.6856 251.109 185.4949 240.4805
186.5346 248.9861 178.4828 256.0338
188.6612 263.1238 188.7182 288.1265
188.6649 241.895 188.2462 253.1759
188.7094 291.8448 188.0269 306.8705
189.0529 251.8747 189.0507 261.8752
195.5888 243.3184 190.5321 242.3708
203.1259 246.8536 193.0919 246.453
217.9245 240.8437 223.187 245.6703
222.001 246.9472 220.6139 249.3687
224.4161 245.3836 245.4817 248.9674
237.9858 318.5271 249.3657 319.4857
241.8176 245.1215 246.894 244.9553
241.9797 243.2237 238.3448 247.082
244.4439 253.7983 226.7485 251.6833
246.1856 247.0011 261.5772 250.6359
254.4201 244.202 240.629 240.6096
256.8092 255.8989 246.2192 253.3551
257.5877 258.119 258.2295 334.3636
262.3649 252.1654 256.6993 256.6532
338.0583 309.1465 326.683 312.4676
343.1764 318.6994 426.0424 373.1423
423.1287 260.9361 445.6255 260.6661
450.5612 266.5603 461.8539 264.2711
461.7516 266.2373 476.9099 263.3054
2.6074 381.3807 8.9247 385.7075
4.9281 350.8912 6.913 356.0879
5.537 359.4396 8.6381 363.6657
24.1171 361.4272 29.8911 358.101
29.3724 357.9956 40.6431 357.7672
40.251 358.6698 48.5308 364.3546
58.4468 361.6877 57.7882 369.346
59.5113 367.0142 63.3141 363.2913
63.4014 367.9891 70.6145 369.4279
69.6326 373.2087 74.8924 368.7331
78.7921 367.2137 82.9085 374.2982
89.2422 370.65 90.8773 379.3275
92.0622 374.2426 97.2664 381.5981
102.0851 374.3438 102.656 378.1945
108.0701 381.4913 113.1639 381.6233
110.1058 380.2704 124.3427 388.5248
118.5404 395.037 125.6103 390.6015
121.9562 398.6056 90.5474 403.9158
125.8505 389.8777 139.7384 383.6484
139.3012 382.9375 159.1732 375.1125
140.5202 394.6232 125.8118 396.1614
147.5594 387.0161 159.0365 381.162
148.2792 392.993 138.2404 393.6467
153.1341 393.1495 145.3173 396.044
154.5145 343.4871 169.6726 337.6476
159.735 366.9308 160.3433 349.3652
160.4134 373.1616 160.534 365.6235
160.707 393.7756 154.3586 393.4939
161.1919 338.1296 161.2328 321.8702
161.3639 320.6471 162.9369 268.082
170.1018 335.8587 184.0231 328.6914
184.375 328.5938 194.375 328.5943
186.046 335.1967 163.1514 346.9266
187.3749 365.6007 186.8475 381.9145
187.4557 344.393 186.875 363.1637
189.3521 352.2217 200.6355 352.9664
195.5201 329.0621 244.4961 334.5424
197.3684 323.2464 204.4071 320.7141
210.0367 396.5949 213.1552 390.0443
219.4024 337.9495 188.9736 333.1922
222.9434 338.6553 228.8302 337.1702
223.16 328.2161 233.1297 324.3872
223.6998 397.6606 227.3336 395.0018
225.4363 393.8956 230.1339 387.4261
230.9269 346.8003 230.6176 350.723
231.6677 326.0204 238.1431 324.4495
231.9399 385.7249 235.72 383.2714
235.6543 338.9997 230.5876 338.6036
236.4809 347.0158 243.25 348.9339
240.7401 325.462 248.1014 330.6584
244.2354 352.7328 260.6324 346.8958
245.6075 335.281 261.8756 335.5954
250.0858 383.0036 263.3944 379.0266
250.1488 352.9768 241.9372 358.7435
250.6508 332.9424 226.8468 329.5744
252.0529 357.3532 259.0493 354.7498
252.39 386.852 241.6574 391.3566
258.0154 340.5094 236.8102 339.5352
259.9611 370.5997 259.4222 358.123
261.7206 353.8957 266.9802 352.2017
261.8045 346.6874 275.4981 341.5376
262.8874 338.6396 290.3474 329.766
263.825 379.3178 290.2253 391.4917
264.3175 343.0162 266.7885 341.7111
264.6683 362.9458 262.5056 374.4931
265.3421 381.8467 265.4895 386.879
267.2994 387.8337 271.9428 385.7781
268.0158 351.5592 296.7837 341.6109
276.6917 341.3405 318.9367 326.8475
283.4234 342.6886 261.4601 350.7437
284.759 390.8284 281.6255 396.7428
296.9798 338.459 284.172 342.478
303.2598 326.1029 339.4519 315.8976
317.1385 331.3661 304.0685 336.0127
318.5284 338.0797 264.5513 356.1516
321.593 350.3524 312.9949 359.2493
323.9651 398.1168 323.6245 363.1201
331.4551 356.3895 337.8392 359.8954
331.8584 326.8318 321.4717 330.8265
333.1571 333.1971 319.9362 339.0759
333.1831 370.3314 334.5456 399.5998
339.1768 360.5211 332.6409 372.9918
340.238 322.9659 333.3527 328.4128
347.2134 331.347 359.4813 339.2091
353.6756 363.148 352.1218 400.3744
356.76 342.069 338.4991 331.2439
371.2794 347.1137 383.5105 355.0294
373.5435 344.9719 350.2111 330.021
376.249 355.3697 356.52 342.9529
392.1265 365.8703 375.6808 354.9182
397.107 363.9961 411.9133 373.0625
409.0854 368.5303 398.0897 360.6744
414.6915 379.5806 392.4999 365.3497
416.1513 397.5545 412.5972 400.3074
416.5919 387.3254 422.7614 391.2034
419.8784 395.3922 426.9071 391.914
422.9408 374.0385 414.2945 384.1273
443.1848 389.8089 459.4699 387.5631
453.0153 379.1115 470.5916 371.7947
467.3004 382.8701 470.1651 387.6517
470.0299 383.423 474.2851 391.92
472.436 385.0339 476.1277 388.8943
474.3271 385.4078 483.4598 383.3912
475.9957 392.2678 483.7063 384.991
8.0896 476.8701 9.1514 469.1718
12.8774 421.3506 21.4789 424.2857
15.6666 425.5134 8.263 422.7547
23.6357 416.0297 29.7766 418.7736
25.1884 421.1396 29.8353 425.0826
25.5276 412.8146 10.8012 417.4365
26.977 414.8104 39.3818 411.9038
28.1522 420.7686 31.7724 420.0833
29.375 411.875 26.875 411.875
31.3196 431.4903 28.7539 435.1948
31.777 451.8786 32.7841 479.4331
34.6385 454.4412 37.1511 444.4444
34.8476 470.4343 38.5842 479.6941
37.2889 437.0265 32.1136 451.1697
42.2532 448.3717 43.6558 453.3285
45.6874 470.7508 47.694 469.7557
46.1036 471.8041 46.882 477.0591
46.7947 477.0527 45.4952 485.6053
48.2817 415.5461 47.0947 431.9811
50.6274 411.2501 46.8726 411.2356
57.2765 408.3304 50.5071 410.1977
65.6169 408.0762 56.6979 409.5614
71.8813 424.6883 86.8752 424.3849
80.3116 401.8555 80.0748 405.6685
83.0055 406.7139 69.3534 407.8705
93.5106 455.6998 93.0657 443.1271
93.5429 445.3354 100.3771 436.093
98.3026 437.6525 108.3494 435.3574
98.4954 464.1583 93.9517 456.3914
101.5333 463.4569 97.8383 459.6535
107.692 438.5712 112.6112 435.9212
112.2563 460.0416 104.4502 464.5066
114.6593 438.9394 116.9096 446.8652
118.722 445.1402 115.7258 456.9007
216.8055 476.2173 205.5491 477.4069
236.1246 464.3717 236.2068 476.8794
240.6478 460.5439 241.2923 470.6621
241.2842 440.4948 240.6557 449.3772
241.912 400.6262 241.2618 420.6457
313.125 478.125 314.375 478.125
316.361 478.8904 321.2454 473.7099
329.2304 468.2231 343.0761 466.4853
330.5132 463.7137 343.0765 461.5886
333.1743 400.0893 324.3836 399.2812
335.9854 472.3445 349.222 478.4565
343.117 401.8638 342.7783 364.3669
343.1253 470.6451 329.3608 470.8324
344.4842 466.6869 356.6986 473.7748
356.8977 401.5937 344.3785 400.5817
357.0562 474.289 365.4442 491.9608
359.3662 429.2341 369.4051 428.6074
359.5097 470.535 366.0565 480.3368
384.295 402.7669 392.8952 400.8461
392.1051 414.2502 389.965 410.305
394.7979 400.7355 420.8609 392.634
395.2014 441.5471 397.817 438.1688
395.3754 426.9008 393.9537 413.1686
411.801 400.4367 402.9457 403.9192
425.6253 474.4775 408.1215 474.5343
432.196 407.2011 417.2362 398.3827
433.4114 438.1557 432.4153 406.8976
439.8379 467.8383 433.628 457.8134
446.313 464.313 445.1922 474.4652
446.38 454.1773 442.8502 463.0152
446.4525 434.8315 435.0949 440.8796
447.3936 430.5392 449.2729 441.8919
448.2009 445.7726 457.6358 440.9232
452.058 458.015 456.6974 465.7318
456.9759 449.4643 449.3165 448.7987
458.5525 440.9653 461.8341 436.8425
459.0536 432.6673 469.166 430.7644
459.3974 430.9556 448.1991 431.7159
460.625 410.625 460.625 413.125
463.8416 473.7244 471.75 464.2704
4.3259 516.9285 9.5854 521.7573
11.7646 558.3128 23.1514 557.1289
13.3959 499.1827 12.8515 505.4936
19.6419 525.0636 11.0508 520.9793
20.3257 490.0941 33.0195 482.938
21.7524 505.9911 19.3245 496.8885
25.4414 504.9446 34.0979 507.7346
30.4339 544.4503 28.8371 566.9256
31.948 521.8036 30.8814 539.3906
34.661 482.0069 41.798 486.9854
36.8157 552.6516 125.6206 559.4326
40.3074 559.3286 39.0022 568.2533
41.6918 492.1004 35.481 487.0522
43.1306 486.8722 48.1094 496.8828
44.32 543.5098 31.8703 544.301
44.5075 500.5687 41.2348 492.8659
45.3395 513.1269 45.5542 545.6255
45.6157 508.2535 44.9754 514.4372
47.5864 497.4612 44.5 507.7888
48.1171 528.7993 59.3802 528.931
48.122 558.1607 40.5703 557.5363
49.2554 495.2483 55.5583 496.1117
54.458 501.2246 64.234 494.1794
54.8163 521.8882 55.416 501.8314
56.8764 512.8566 68.1324 512.9135
58.3592 548.4276 64.0826 543.9973
63.1073 559.6964 56.8077 559.3504
63.397 543.3978 68.1404 532.5835
65.0953 493.2016 71.0738 501.2222
66.4994 532.1083 71.3037 529.2764
70.6899 550.9045 60.568 550.228
71.4125 501.8684 71.111 523.1141
71.7661 529.5018 80.6747 528.6379
71.8344 523.1297 55.5609 523.6608
72.6065 559.4859 71.6525 565.7807
80.235 533.2134 84.9109 530.209
82.1319 509.3799 81.7968 526.8735
85.8099 494.609 93.4677 488.5587
88.0551 530.6715 89.0449 505.5627
89.687 504.5736 96.0199 494.6264
90.8302 493.2473 81.7193 508.5374
95.6737 495.7566 104.5906 492.4579
100.6556 552.4003 73.1235 551.9735
104.3595 549.9911 102.106 554.4907
105.4908 492.1864 115.2879 496.4073
106.9607 556.9725 119.5925 545.8725
109.574 485.2945 122.9801 493.3657
115.4754 496.9665 120.1727 504.6515
118.1268 545.5978 90.5816 543.7839
119.8346 505.5338 118.0975 544.3738
122.5147 498.5799 112.9298 490.8676
125.6161 541.4974 148.133 540.9656
125.6274 543.1285 120.4975 546.6915
126.9592 514.3536 122.8617 498.1917
133.1262 532.1682 154.3762 532.1948
135.1855 521.8945 134.9746 530.6395
135.5759 503.0833 140.7493 496.9804
136.3537 514.4099 136.8965 503.0662
140.6124 526.5666 149.4496 526.2069
142.9946 546.7621 133.1438 558.1412
146.0531 544.8583 142.1087 558.5524
146.2848 559.2266 149.7608 545.4077
149.3679 543.4631 126.8778 542.993
150.7176 541.0841 159.3493 542.0947
151.3557 499.3455 151.9116 513.1235
151.8788 545.5148 168.1091 546.0802
156.8218 521.6716 135.6121 521.1803
158.0961 536.8766 157.2866 521.9203
160.0627 523.1436 160.536 505.6226
160.6217 541.9401 186.8684 543.2569
163.1216 544.4694 153.0898 544.1121
167.07 546.0894 175.8967 548.2805
171.9167 539.9952 154.4106 538.8366
175.3958 547.013 183.7998 560.9713
177.3824 530.5612 176.5204 540.5945
184.2475 485.5766 184.0706 490.6143
184.7368 549.0917 192.9167 559.5381
185.228 525.6042 184.7039 535.6422
185.5196 494.3727 184.869 524.3857
188.1801 546.3182 164.4153 543.9674
191.8817 549.3698 201.8002 562.2177
198.2963 530.7051 194.7447 538.2979
199.3508 544.4891 184.2366 541.2759
206.8981 550.9703 235.6865 549.0448
230.8373 559.3121 213.1922 556.4591
238.0282 545.6493 234.1937 530.357
240.3395 520.6065 240.9141 550.6194
241.0084 480.5951 240.4958 516.8908
241.4678 550.6117 241.4175 556.8713
243.1318 528.1683 254.3011 526.4063
278.1191 557.9836 290.6494 557.4647
283.1235 542.881 295.623 542.8045
312.9017 497.1479 317.4943 479.8719
313.4623 508.2111 314.4374 504.3909
318.0788 481.7011 326.8719 479.3636
338.3546 481.7261 345.1403 492.1893
343.8025 499.3654 344.6757 560.6385
347.6954 486.7101 350.2556 499.4492
348.2399 482.9938 340.8968 476.5646
349.375 513.125 349.375 558.125
351.9132 535.6247 351.6923 509.366
351.9763 558.1244 351.8533 536.8679
352.8531 498.1972 349.1114 484.1129
354.6075 487.869 356.1833 496.9944
356.6329 538.1282 356.9462 561.8741
356.9857 508.1255 356.8467 536.8749
357.1359 481.5485 343.8683 470.945
359.375 554.375 359.375 506.875
360.625 526.875 360.625 546.875
360.64 558.2098 367.9507 550.4606
360.9768 497.0835 357.4817 482.0243
364.375 509.375 364.375 550.625
366.875 550.625 366.875 506.875
367.1111 558.2133 382.0041 561.2396
368.1127 549.3331 379.8213 545.8945
369.1766 506.8747 369.1893 546.8751
375.627 540.5245 393.1202 540.8683
380.0324 558.9077 388.2411 552.0133
381.8366 545.1506 395.6982 544.03
391.1418 551.6208 388.4187 559.4768
403.8465 483.1204 404.0789 519.3769
405.623 544.4338 425.6425 545.0951
410.6404 547.2629 391.8705 548.0109
413.2618 549.0647 415.8164 550.1906
416.8796 549.373 418.2278 552.551
424.2988 548.7125 436.9109 550.3486
436.3732 485.7309 438.8511 468.2278
436.8642 535.0646 444.3855 534.9194
438.2149 540.613 459.4462 542.125
444.9044 500.6808 444.1196 490.548
448.1621 526.3715 435.6379 525.4492
449.6732 491.8644 449.5759 500.6272
453.5205 504.2503 451.9991 484.1761
456.68 486.8329 457.4314 505.6527
460.6279 537.4883 440.6226 537.3958
470.6718 557.6565 459.3873 558.3314
470.7049 519.422 463.0725 518.9153
475.6432 536.6536 508.2315 539.3272
0.39356 568.5903 4.5218 567.3727
0.42494 629.9221 21.1842 637.5139
4.4434 622.0056 10.8883 618.6273
5.1695 570.9586 10.6008 576.8081
6.875 625.7606 19.375 625.7603
8.1381 594.7958 0.56755 595.0318
10.1058 575.4628 9.6262 584.3885
10.4025 604.2628 11.4969 614.2797
11.3795 588.0626 10.5844 594.3699
15.4969 584.3757 15.402 565.6198
18.2486 629.9876 0.44854 626.5347
18.8422 620.7057 20.371 607.1279
20.2285 606.9593 24.3242 565.4965
20.5998 562.2802 0.59935 561.0379
21.8076 638.312 30.7481 641.5335
24.4533 564.6287 28.4229 524.2813
24.9992 608.0473 25.6314 613.1242
26.9509 627.9943 20.648 624.3354
27.847 585.5966 25.5467 608.117
28.8101 569.3262 27.3874 585.7774
30.0559 604.4464 33.4785 571.7811
33.1538 602.4728 45.6845 603.0255
34.4022 628.7647 26.9172 628.4306
35.2869 618.8868 49.5205 609.03
39.0292 570.5832 35.3801 600.7466
40.584 622.4912 54.3573 621.6013
45.1309 603.0749 49.6992 558.0311
46.8657 604.5277 104.3814 608.0197
48.125 609.375 53.125 609.375
50.5964 607.8402 31.8628 607.2855
51.8964 634.889 36.8728 634.4521
53.7365 585.7299 50.7485 603.1462
55.29 625.5796 56.9996 612.9724
55.4788 560.5885 55.7692 569.3702
56.8896 610.6646 43.1638 615.7302
58.8807 600.6996 58.3934 589.3101
61.6139 610.3069 59.1343 622.0875
61.8191 623.1941 144.4298 619.2812
65.0234 573.2184 66.3092 564.2935
72.3498 573.5795 81.0018 578.7437
73.0718 564.3646 71.3807 573.0285
74.4667 629.3159 51.8152 627.7296
81.0667 578.0098 83.2114 562.9592
81.9233 560.6057 74.3369 560.9034
88.9024 563.0421 88.0538 580.6817
89.3151 581.368 95.7703 580.6057
96.9257 605.0105 81.8222 603.7654
97.9402 580.611 98.6022 571.9113
98.1545 561.3301 90.5414 560.9172
98.8109 571.8009 100.2845 560.5803
101.8755 602.0773 111.8755 602.0518
105.4242 565.6586 104.9039 581.892
106.7469 581.1111 112.3463 582.5868
108.1158 625.4903 90.6121 626.6855
109.3757 608.1103 151.8985 610.1292
111.878 605.3944 99.3801 605.2319
113.3997 584.0891 116.2645 561.7966
119.1567 639.842 104.2685 643.9932
119.415 602.7924 128.1884 603.8488
121.7205 563.16 121.0815 583.1794
121.9141 582.5933 129.4652 583.1492
126.9106 612.3877 63.0681 609.3029
129.395 600.2672 119.3565 599.7068
130.4456 582.9744 132.5438 563.0638
130.6719 563.8281 123.0138 563.1709
133.1303 560.192 145.6284 560.3441
134.3774 604.2743 144.3716 604.5156
136.9019 564.3643 137.9304 566.9523
139.8225 567.5148 137.1184 582.1509
143.1186 607.0491 119.4008 606.1743
144.3999 601.1221 135.6182 600.8315
145.9405 582.9909 148.2752 566.7172
146.7126 626.8395 149.2305 615.3202
146.8629 564.5903 139.3164 564.1652
149.3668 613.3256 128.1012 612.4585
152.2605 616.8413 153.1374 626.8739
153.8513 565.6071 154.0062 571.8841
153.8519 573.1009 153.3868 583.1946
158.2007 585.6304 157.1283 600.5534
158.4588 628.382 163.806 621.4369
160.6873 606.8802 162.3763 586.812
162.5992 581.7921 164.5827 569.2107
162.7908 620.0308 151.8377 614.4481
164.3653 563.6921 176.9043 563.9056
166.874 610.6547 224.3922 612.6208
169.4164 565.6251 169.3954 584.375
170.8338 586.8033 169.8863 600.5742
171.8453 614.7269 159.329 613.6703
179.3528 629.8173 159.3679 630.3661
179.646 564.8985 188.0779 560.5339
182.3175 615.1794 186.4158 630.7459
185.1361 575.4421 181.088 586.2657
186.4222 589.3597 186.3211 600.6312
186.8999 585.4907 187.7752 569.356
188.1178 562.1332 196.8958 562.3773
193.9636 569.3442 193.661 585.6581
194.1824 588.13 199.0696 584.0125
197.7133 560.9518 188.3694 549.181
202.0782 583.3012 203.6262 570.5342
202.0903 590.6193 202.5551 608.1401
204.1479 560.8121 193.4636 547.8459
204.396 628.7405 226.8714 629.4846
206.5276 564.6404 214.2301 563.4429
207.5717 606.9569 209.0386 594.4824
208.4081 569.2245 213.9305 579.6113
215.4577 601.7115 209.2792 608.0314
216.3992 565.3085 221.9449 560.7092
216.9177 583.1287 217.8008 572.9879
218.1106 616.2588 183.1003 615.4657
219.9791 567.251 217.387 571.4157
221.7608 563.2552 230.6203 562.9757
224.301 611.2928 230.7643 610.4713
224.5251 593.1345 223.5027 609.3987
225.3172 575.4543 226.3961 589.315
231.7915 563.6617 243.1553 565.4301
231.9154 611.8824 289.3953 613.7506
232.4745 609.378 232.4172 596.8782
233.0042 590.6771 233.9909 569.2996
234.3507 622.3562 211.8731 623.066
239.5435 593.2025 238.659 609.4042
239.9549 569.3795 239.8015 589.3879
243.1253 563.1234 231.5941 560.7264
243.126 560.7075 254.3895 560.571
246.2528 584.61 244.047 590.5022
246.875 565.625 250.625 565.625
247.4385 570.9849 240.6703 569.2028
247.5847 610.6229 247.662 590.6232
248.4167 586.8863 248.2983 576.8582
251.8022 567.9771 257.8233 565.0122
251.875 565.625 253.125 565.625
254.8773 591.8943 254.1565 610.6646
254.9412 571.8727 254.996 585.6225
258.1283 632.2526 234.3739 632.1631
259.5354 565.2479 268.2957 568.9738
261.0365 579.2344 259.7106 587.1409
262.693 610.6331 262.3875 594.342
265.0371 627.8864 269.2294 617.5585
269.3663 616.6956 213.1404 616.2366
269.8244 591.848 269.1479 611.9095
270.6599 620.6352 268.1054 629.3693
271.7806 579.2801 275.541 575.5405
273.1259 631.9843 259.3668 632.0934
275.4197 616.6889 271.2396 621.2988
277.6233 611.8712 277.7746 591.8629
277.9912 572.4817 270.5761 570.8469
279.4309 616.7771 292.1454 629.0959
284.8315 578.1038 283.9298 611.8965
290.7095 632.5694 281.9715 631.2407
291.3816 611.8755 291.338 573.1242
294.1418 563.1597 306.6605 560.7572
295.634 617.9626 276.8722 616.9261
298.917 584.4524 297.2121 629.4352
298.9894 579.4056 299.2853 583.1321
299.3071 573.4831 326.9325 571.3806
313.1277 564.3751 314.1702 509.3711
333.1337 570.8353 355.6468 569.9
344.3956 562.6105 314.3141 563.4548
355.6237 590.1008 374.3737 590.0564
356.6672 575.8094 360.2118 555.773
365.6811 594.429 351.9028 593.7827
366.949 569.8109 375.74 570.6101
371.8916 582.9195 360.614 582.0108
376.275 589.7832 372.1817 583.7668
387.0317 595.3961 366.8113 594.2349
388.125 575.6979 405.625 575.7048
388.1494 589.5031 401.8929 589.8016
393.0813 567.5275 404.3644 568.283
405.5845 567.5552 418.1146 568.3004
413.1271 565.4673 418.1262 565.5353
418.5865 578.2418 417.3226 583.2382
419.3751 565.6144 454.3836 565.9363
421.8445 588.7813 436.869 588.0093
444.3761 562.8965 403.121 562.6981
446.8695 587.1812 464.3864 587.498
460.0866 560.6093 471.7206 567.1497
463.1262 584.567 448.1267 584.6577
469.42 591.4305 386.9678 596.0368
470.7751 620.6255 470.8734 591.8716
473.0831 566.3837 483.1215 566.9383
473.1216 572.8191 499.3822 572.5275
474.4717 618.0177 510.7158 620.6011
475.4416 595.6247 475.4062 616.8767
477.7763 631.396 488.6982 623.4453
478.529 635.8154 476.856 639.366
31.6587 641.2452 68.253 654.0081
69.4173 654.254 113.0814 669.5
114.3178 670.3902 124.3564 670.9554
119.549 671.5455 124.4912 674.1548
125.6777 674.2349 129.7868 675.7793
126.524 658.0949 51.9429 636.639
130.5581 676.0358 141.8904 676.4921
137.2299 677.0717 151.8353 681.9928
151.875 683.125 153.125 683.125
154.7156 682.3611 165.9597 687.3742
168.3856 668.3149 130.7042 659.0528
173.8918 670.5781 168.7217 668.5016
184.7447 642.3096 216.8743 656.8766
191.8367 697.7256 237.0209 693.3985
203.303 677.3756 173.2187 670.2303
213.0663 682.0186 204.2551 678.4185
218.1185 659.4128 225.6128 660.6963
218.1265 641.2974 184.3767 641.3751
228.105 663.3403 250.6431 665.4296
237.1661 693.7499 246.8185 689.2537
241.8784 688.1081 214.2371 682.5623
246.7199 653.4808 219.0321 641.4117
251.7824 693.201 268.2259 691.9037
266.8408 686.3214 243.1042 687.7887
271.6569 662.3942 256.675 656.101
271.8654 689.5134 276.5832 685.2984
276.9823 687.4272 309.4824 692.4271
280.6507 641.7816 323.0353 653.4506
304.3755 686.337 278.1243 686.3109
310.5769 641.6124 281.8342 640.213
310.5965 692.5541 383.1652 688.9294
326.9189 654.3005 329.3209 655.7167
327.9839 646.1055 310.8589 641.0781
330.4375 656.2914 346.7989 660.8953
345.7009 650.0831 330.646 647.9751
346.86 661.4587 358.1404 661.051
370.5992 682.7109 305.6179 686.7602
371.9591 680.7487 400.7542 678.9866
388.109 684.5748 370.5216 683.169
391.865 688.8445 410.6319 688.4916
398.1749 682.1963 389.2518 683.5817
409.3961 685.5841 412.8674 687.3744
415.0558 704.3716 390.4248 690.9935
415.6042 687.6851 425.6617 687.9432
424.2655 689.6416 432.6308 693.078
424.6512 710.1624 416.3709 705.2194
426.8359 687.5173 441.8541 686.5506
429.4501 681.1829 410.6316 680.4551
434.1526 692.2939 457.8569 704.88
440.6551 683.528 430.5789 683.1697
444.375 683.125 443.125 683.125
445.4066 686.1544 463.4461 693.5966
450.625 683.125 445.625 683.125
459.3659 643.3591 471.8956 643.8481
459.3743 689.9169 510.6259 689.9871
0 0 0 0
0 0 0 0
0 0 0 0
0 0 0 0
0 0 0 0
0 0 0 0
0 0 0 0
0 0 0 0
0 0 0 0
0 0 0 0
0 0 0 0
0 0 0 0
0 0 0 0
0 0 0 0
0 0 0 0
0 0 0 0
0 0 0 0
0 0 0 0
0 0 0 0
0 0 0 0
0 0 0 0
0 0 0 0
0 0 0 0
0 0 0 0
0 0 0 0
0 0 0 0
0 0 0 0
0 0 0 0
0 0 0 0
0 0 0 0
0 0 0 0
0 0 0 0
0 0 0 0
0 0 0 0
0 0 0 0
0 0 0 0
0 0 0 0
0 0 0 0
0 0 0 0
0 0 0 0
0 0 0 0
0 0 0 0
