(1,2) (17)
(4,5) (19,20,21)
(6) (2)
(8,9) (30,34,42)
(10) (5)
(11) (8)
(12) (10)
(13,16) (11)
(14) (12)
(17) (14)
(20,21) (53,56)
(22,23) (16)
(24,30) (61)
(29) (60)
(31,38,42) (58,66,69)
(32,35) (18)
(33) (22)
(36) (23)
(41) (67,25)
(43) (26,29)
(44) (27)
(45) (31)
(46) (35)
(47) (32)
(48,54) (30,34,42)
(49,50) (38,37)
(51) (40)
(53) (39)
(55) (43)
(56) (44)
(57,58) (46,45)
(59) (47)
(62,68,73) (50,52,53,56)
(63) (93)
(64) (7,6,51)
(70) (55)
(72) (61)
(78) (59,60)
(79) (62)
(80,81,83,85,87,93,95) (63,64,68,72,75,78)
(84,86,92,97) (58,69,70,74,77)
(88) (71)
(91) (73)
(99,100) (79)
(105,108,113) (92,98)
(106) (152,151)
(107) (93)
(109) (94)
(111,112,116,118,119,120) (95,97,99)
(121,123) (103,100,102)
(122,128) (57,108,113)
(124,125,130,132,134,135,136) (105,112,115)
(126) (104)
(137) (116)
(139) (117)
(145,149,151,154) (147,153)
(146,198) (148,149)
(147) (152,151)
(150,152,153,159) (155)
(155,161,168) (154,159,174)
(156) (103) (100) (102)
(157,160,162,170) (162,163,170,180)
(169) (176)
(172) (184,195)
(173,174,180) (173,183,191)
(175) (178,182,190)
(176,177,181,182) (197,202)
(178) (192,194,196,201)
(184) (119)
(185,234) (206,209,213)
(186,235,240) (208,211,212,215)
(187,241) (210,214)
(189) (141,142)
(191,193,194,196,197,199) (140,143,145,146,150)
(204,205,279,342,343) (157,156,379,378)
(207) (166,169)
(212,214,282,283,349,350,351,445) (265,264,263,388,387,389)
(215) (181)
(216) (179)
(217) (175)
(218) (187)
(219) (185)
(221) (193)
(224) (199)
(225) (200)
(226) (270)
(229) (272)
(236) (280)
(238) (181)
(242) (217)
(244) (219)
(248) (286)
(268,270) (253)
(269) (252)
(271) (255)
(272) (256)
(273) (254)
(274,277) (259)
(275) (258)
(276) (260)
(280) (261)
(284) (267)
(285) (269)
(286) (273)
(287) (398)
(288) (399)
(289) (274)
(290) (407)
(291) (404)
(292) (276)
(295) (283)
(297) (421)
(298,299) (287)
(306) (340)
(307) (342)
(308) (338)
(309) (345)
(311) (347)
(312,313) (350)
(314) (348)
(317) (358)
(318) (357)
(321) (356)
(323) (355)
(327) (365)
(328) (359)
(331) (369)
(336) (367)
(337) (368)
(344) (382)
(352) (393)
(353) (397)
(356,358) (400)
(357) (396)
(359) (403)
(360) (401,402) 
(361) (405,406)
(362,365) (407,411)
(372,373) (421)
(380) (438)
(411) (349)
(412,415,418,419) (454,451)
(433,435) (383)
(438) (385)
(443) (386)
(458) (593)
(461) (595)
(462) (592,594)
(463) (400)
(492) (410)
(493) (597)
(501) (599)
(502) (414)
(27) (18)
(57) (44)
(122) (104)
(128) (115)
(158) (160)
(165) (171)
(166) (176)
(167) (172)
(168) (177)
(178) (190)
(185) (208)
(187) (206)
(227) (204)
(243) (216)
(286) (268)
(288) (396)
(290) (271)
(293) (278)
(358) (397)
(359) (398)
(368) (416)
(466) (402)
(467) (405)