8 713
32 323
42 114
132 175
133 176
144 190
145 3112
149 3049
153 2127
181 232
187 9832
195 3087
233 3106
238 310
242 315
246 9946
256 9551
272 15519
311 423
343 1133
387 83
396 102
417 126
418 127
456 3107
459 3108
466 3099
470 3109
474 209
480 3086
494 1311
509 2414
531 9887
574 7189
598 6137
629 5114
631 108
637 6127
674 2188
691 5964
693 3369
694 3368
702 3374
703 1314
705 1315
710 3378
713 9910
714 3388
723 3562
727 3383
728 3825
736 3553
838 2160
840 1260
849 2660
860 1002
863 6764
866 3559
868 3565
877 16394
883 4988
895 686
923 3554
934 1259
948 3647
949 3646
951 6164
994 994
995 2899
997 2861
1001 1078
1003 1082
1024 5174
1029 3739
1031 3744
1035 8459
1038 7016
1041 3762
1091 1658
1094 78
1096 82
1097 83
1107 3837
1114 102
1119 1412
1125 114
1142 2421
1147 127
1188 1260
1192 170
1197 1272
1202 174
1216 2101
1217 3109
1218 199
1219 205
1224 209
1230 2079
1231 2078
1232 2100
1233 1304
1248 1314
1257 9832
1261 236
1262 237
1276 1919
1300 1396
1303 3383
1319 3092
1366 2120
1472 108
1476 2167
1521 2188
1522 174
1524 529
1525 531
1527 772
1528 540
1542 787
1602 686
1618 3159
1627 3046
1656 4792
1684 4298
1685 1162
1687 1781
1691 904
1701 916
1715 6887
1716 931
1717 2820
1718 934
1720 4451
1724 2831
1730 3553
1731 2735
1750 4955
1759 8709
1802 8304
1803 8306
1807 1260
1811 993
1813 996
1823 2792
1824 8854
1825 1002
1869 2899
1870 2861
1877 1082
1897 8469
1898 8470
1901 2902
1904 1036
1905 3739
1913 1084
1922 8566
1934 2958
1943 1111
1977 11549
1991 12200
2019 2101
2028 1401
2030 2209
2043 5987
2074 6572
2077 546
2099 82
2100 83
2117 2183
2128 3108
2130 568
2136 3087
2137 2188
2161 199
2176 6031
2206 3152
2216 3154
2337 6162
2346 2171
2360 6174
2362 6172
2363 6173
2366 5964
2385 5985
2387 5986
2412 5996
2418 2056
2438 6009
2443 102
2444 7737
2465 6225
2466 6226
2475 6200
2484 6237
2492 9488
2496 6054
2497 3383
2499 6127
2514 3869
2521 9910
2557 4792
2558 8672
2576 6164
2586 5395
2589 6192
2590 5623
2593 4690
2598 6195
2599 6196
2614 6013
2620 2483
2625 25
2628 6214
2639 6019
2655 6348
2657 9624
2663 6239
2668 9163
2672 3565
2676 2263
2714 11660
2718 6312
2737 5008
2743 5425
2744 6212
2797 6387
2806 6392
2807 6394
2818 2923
2819 2923
2835 5386
2836 8852
2845 6439
2859 2795
2868 6458
2872 9772
2873 15070
2893 6483
2935 4169
2938 5939
2939 5940
2956 2981
2994 3049
3057 6181
3062 3087
3066 6581
3067 6585
3081 7189
3127 102
3133 3147
3138 9898
3215 9053
3225 10001
3256 2435
3257 2436
3261 6170
3275 6542
3291 9568
3299 3337
3300 5986
3316 6575
3336 6586
3339 3096
3343 15308
3344 3099
3345 6595
3367 6775
3369 3123
3370 6609
3371 9872
3373 6612
3374 6613
3395 6633
3398 9898
3402 3159
3408 9910
3409 6646
3424 13989
3459 3314
3462 4806
3463 1249
3467 6164
3490 1265
3491 9428
3497 9434
3505 2453
3521 134
3543 6876
3548 6603
3555 6778
3556 6782
3564 145
3568 3399
3601 3319
3604 9409
3609 1566
3637 355
3638 6876
3640 3554
3641 2925
3654 506
3657 1259
3682 2783
3701 6946
3728 12648
3741 7035
3829 101
3854 553
3862 4792
3873 3045
3881 3048
3882 3049
3886 15285
3899 2127
3930 3372
3937 3089
3951 3946
3954 3106
3955 3947
3958 3383
3960 3086
3983 3099
3997 3109
4001 10630
4014 3112
4039 6277
4046 4037
4085 114
4087 102
4094 83
4161 3511
4179 3316
4181 3499
4197 523
4198 1274
4211 1247
4212 5518
4220 13252
4228 7116
4238 7126
4253 6585
4260 3368
4261 3369
4270 7146
4272 7151
4285 4241
4300 1313
4314 10275
4315 1314
4323 4046
4326 4292
4343 4090
4344 4091
4376 3495
4377 8208
4384 4806
4386 3504
4400 1265
4409 3527
4414 3549
4423 3545
4439 945
4444 7370
4452 3985
4504 3624
4506 8047
4515 6817
4530 1054
4532 3639
4542 4594
4549 12259
4585 3693
4588 6940
4591 3746
4598 3647
4599 3646
4629 1120
4631 3702
4633 7614
4635 7015
4637 7014
4640 7016
4644 3646
4650 10504
4662 3762
4663 7037
4671 10531
4675 1111
4691 1658
4706 1227
4746 1792
4755 4810
4756 1266
4757 1270
4758 1272
4763 174
4771 1584
4772 1284
4776 772
4782 1310
4783 1595
4784 1599
4794 1314
4812 4240
4815 1657
4918 8461
4925 3908
4948 8314
4949 1575
4950 1576
4951 1781
4952 1782
4953 12839
4954 1591
4955 1592
4958 1596
4959 1597
4975 4884
4979 2721
4980 1925
4982 1926
4990 5101
4991 5104
5030 15401
5064 4429
5067 1260
5070 5022
5072 1781
5073 1782
5075 5027
5078 5032
5080 5648
5081 1908
5086 5197
5087 4840
5098 1824
5103 2820
5113 13998
5119 11323
5130 5264
5131 5263
5139 8306
5140 4429
5144 1904
5147 1952
5148 1909
5157 1968
5158 1971
5180 11331
5182 7666
5183 11335
5199 2005
5200 2009
5210 8466
5218 1994
5236 1114
5285 5382
5286 5383
5288 5384
5306 2459
5307 2483
5313 5422
5317 5986
5342 2487
5354 2188
5363 4725
5398 2528
5404 2246
5422 6060
5427 6059
5430 2736
5433 5536
5438 5514
5445 6260
5455 11796
5482 11660
5500 5394
5504 5623
5505 5624
5510 9086
5512 9089
5530 5660
5563 6345
5564 6344
5571 9272
5585 9510
5586 286
5628 8674
5634 7328
5641 8858
5673 6345
5674 6344
5679 2554
5680 6364
5682 5877
5699 12454
5839 5999
5851 6170
5864 5964
5892 9444
5894 5985
5898 2208
5906 4593
5926 6006
5934 6009
5952 6019
5964 9483
5970 2221
5974 9488
5975 2479
6013 12493
6067 9227
6108 9682
6112 9449
6115 6195
6119 6205
6129 9470
6135 9478
6136 9614
6137 5340
6145 9620
6146 9484
6147 9492
6154 9627
6222 5400
6223 5401
6248 9694
6251 9476
6256 12549
6257 9696
6278 10324
6279 10325
6299 5598
6318 9697
6327 1089
6337 5751
6354 9773
6367 9785
6369 7347
6386 12185
6387 9794
6399 12696
6400 12697
6410 10001
6417 11793
6488 5986
6494 7092
6517 6585
6524 6595
6526 9476
6544 6609
6548 9872
6551 10740
6578 9898
6618 1860
6643 9407
6656 5948
6660 9428
6680 13561
6687 8179
6689 12451
6693 134
6712 9854
6716 156
6722 9860
6731 6606
6735 9877
6793 3320
6794 2782
6832 2925
6904 3963
6915 10135
6958 10177
6959 10178
7019 4953
7029 6508
7051 2421
7064 147
7068 3048
7072 6553
7083 1497
7091 3337
7105 6575
7110 6596
7138 3099
7151 6782
7162 7188
7183 5109
7212 4091
7261 10362
7263 6843
7299 6749
7304 3985
7306 6576
7317 7711
7321 3976
7329 10384
7346 7771
7367 7220
7388 8685
7425 7761
7453 15165
7454 713
7456 7796
7470 7397
7500 4219
7503 7465
7506 7299
7537 4058
7541 12847
7546 12851
7568 10178
7574 7592
7576 12459
7583 10176
7640 8662
7652 3870
7663 5518
7677 4188
7696 7116
7697 7117
7702 7125
7709 4793
7711 7128
7720 4216
7723 3928
7738 7743
7742 7134
7743 4228
7745 7151
7746 3951
7749 10247
7756 7166
7757 7142
7763 6617
7766 3946
7775 3963
7782 5094
7794 4037
7837 4094
7906 7460
7914 7684
7922 7359
7923 4440
7924 4218
7949 3976
7992 4309
7997 4151
8011 7463
8018 7349
8019 7478
8021 7476
8024 4447
8026 7479
8027 7958
8032 4594
8041 6971
8053 10242
8082 4604
8084 4605
8085 4606
8094 6887
8099 4794
8119 4639
8125 7614
8132 8176
8134 4613
8138 8469
8143 4628
8152 7613
8159 10878
8160 8566
8169 1111
8220 1260
8222 5021
8223 4813
8226 4819
8228 8320
8232 4852
8252 8393
8257 4681
8258 5104
8261 1978
8325 1260
8329 8474
8330 5186
8333 5027
8337 8333
8340 5193
8341 1908
8345 5197
8346 8493
8356 5210
8386 12911
8404 4429
8408 5188
8411 8487
8412 5248
8425 1966
8426 5261
8428 1971
8452 13769
8460 1997
8467 5298
8482 13770
8484 5290
8499 3489
8507 11601
8531 8862
8556 5443
8557 9099
8567 5462
8568 5463
8574 5465
8582 9266
8596 5695
8600 9160
8611 8968
8652 11665
8659 8859
8664 8866
8668 8872
8671 8877
8675 8732
8676 5648
8698 5690
8711 5798
8717 8658
8718 12454
8730 11572
8741 9088
8751 5828
8763 5873
8786 11573
8810 15570
8824 13896
8831 9394
8832 11986
8834 9396
8839 13500
8842 14821
8843 11660
8886 9087
8887 9088
8914 9099
8925 11682
8934 6038
8960 9162
8968 9634
9003 11187
9007 6005
9021 12016
9037 9104
9041 9116
9045 12238
9055 9186
9056 9709
9060 6406
9064 6258
9084 9301
9088 12103
9089 15881
9108 9715
9113 12082
9126 6450
9129 11665
9130 11666
9132 13354
9136 12159
9143 12146
9153 3799
9155 9372
9204 9409
9240 5999
9247 12215
9252 9451
9255 9459
9278 9614
9279 9615
9282 9840
9291 14452
9333 12487
9375 5999
9393 12227
9405 9611
9409 9696
9410 9476
9423 9490
9432 12557
9444 12269
9495 14487
9502 12484
9527 12360
9551 14518
9557 12650
9559 15923
9561 12406
9619 15547
9628 1893
9638 4944
9658 12459
9660 9851
9674 156
9676 12463
9680 1489
9720 9887
9732 15989
9775 281
9800 1893
9806 12551
9810 9863
9814 14555
9830 9888
9838 8307
9883 8229
9898 14616
9914 9901
9915 9902
9947 14617
9978 12657
9979 12658
9996 4197
10012 12696
10013 12697
10057 9607
10065 3963
10069 7711
10089 4015
10109 15989
10166 4843
10174 13569
10184 12784
10189 3929
10214 10256
10295 12847
10299 12851
10300 14691
10301 12852
10316 7998
10324 11828
10325 11827
10330 10112
10375 12895
10408 12696
10440 7085
10445 10229
10446 12939
10450 7462
10457 10606
10462 10372
10488 15158
10547 10342
10555 7733
10561 10361
10569 7467
10573 12945
10608 7996
10640 7471
10641 10737
10667 10485
10668 10486
10670 10441
10681 10522
10683 7617
10686 7617
10688 10527
10714 10853
10783 7911
10792 8053
10801 7923
10810 8063
10813 10582
10823 7939
10828 5801
10839 7142
10841 12723
10857 4433
10866 7802
10906 12976
10919 10580
10920 8049
10928 7930
10941 10623
10942 11127
10945 7952
10952 8101
10986 7912
10991 8174
10994 8175
10995 8141
10997 8143
10998 8144
11000 13363
11004 8083
11022 4780
11035 8170
11038 8167
11043 4643
11044 8175
11045 8176
11052 13375
11054 8186
11073 15393
11076 15398
11091 12298
11096 11375
11104 3908
11121 8321
11125 8333
11127 8484
11132 8492
11134 8493
11137 8497
11138 8500
11146 5216
11188 11464
11196 11433
11217 11346
11218 11350
11219 11351
11220 8487
11230 5257
11232 5295
11234 8581
11248 11628
11262 11485
11283 11485
11289 8638
11298 15505
11299 15506
11300 15507
11306 8636
11312 9625
11319 11665
11320 11666
11328 9088
11333 11573
11337 9088
11338 11580
11346 8872
11347 8877
11351 8732
11352 8733
11356 8887
11361 8892
11372 8771
11375 11845
11440 8941
11441 11671
11449 8885
11450 8886
11470 9359
11492 11715
11495 5868
11496 8999
11505 15570
11514 11950
11527 9012
11533 11986
11553 11798
11554 11799
11569 9116
11570 11821
11572 9561
11578 15723
11583 10558
11587 12053
11589 12114
11594 8192
11599 12072
11601 9510
11608 12082
11610 4944
11627 9238
11656 4987
11688 14283
11695 14666
11703 14170
11706 15120
11710 12178
11717 15805
11731 9439
11741 12016
11745 12103
11746 15881
11756 15857
11762 16471
11777 16019
11788 12119
11791 14042
11794 14462
11813 14821
11831 14341
11832 14343
11838 14444
11846 12082
11860 14667
11867 12159
11895 14280
11904 14413
11907 3003
11910 14341
11938 12535
11939 1168
11942 12227
11952 12231
11967 14448
11969 14452
11976 9816
12036 14487
12045 14569
12066 12324
12078 15197
12084 2038
12097 15747
12108 14341
12129 4944
12139 12598
12148 14549
12154 12323
12163 14555
12165 12552
12171 14707
12212 13184
12223 9222
12227 14439
12246 11299
12278 13500
12356 14123
12378 14549
12383 10163
12447 15541
12455 6554
12458 9994
12473 14764
12474 12716
12475 12794
12492 12735
12533 14644
12534 14645
12558 81
12561 15172
12574 7119
12577 14820
12578 14821
12580 14684
12583 12701
12594 15524
12597 16165
12610 15060
12611 15061
12694 14934
12695 11828
12708 12845
12712 14760
12726 12897
12789 9815
12794 12945
12810 14258
12819 14049
12827 13043
12869 12697
12871 13076
12875 13039
12902 13081
12904 13109
12905 13260
12934 16101
12968 12633
12970 16242
12989 13139
12991 10978
12992 10580
12993 13140
12998 13151
12999 10980
13019 10621
13020 13179
13085 10794
13087 14941
13091 10797
13092 13357
13104 10804
13105 10805
13148 16464
13152 10872
13176 14940
13195 12209
13206 7931
13210 8062
13232 11855
13237 11029
13264 8170
13265 11184
13276 13551
13277 11126
13278 11128
13280 11131
13284 11133
13322 11232
13323 8172
13334 13645
13352 13673
13364 11275
13376 11464
13377 4780
13398 11335
13399 11338
13402 11439
13404 11346
13420 11461
13436 11320
13447 11440
13450 13948
13451 11494
13453 8610
13473 15508
13475 11512
13476 11513
13482 1529
13483 4874
13487 13856
13488 11525
13489 11524
13490 11527
13497 8036
13498 9440
13510 13894
13514 11577
13515 8942
13519 11671
13521 13898
13530 11593
13537 14027
13540 11696
13565 11679
13569 9014
13570 11748
13572 9017
13573 11737
13588 14061
13598 13980
13608 15602
13609 9038
13613 15663
13617 15570
13643 14135
13657 11960
13668 11885
13682 15734
13708 11988
13719 14122
13756 11548
13762 16169
13763 12347
13782 15806
13783 15807
13784 15808
13787 15120
13790 14303
13803 16377
13817 15880
13833 14667
13863 15834
13876 14413
13878 14742
13881 14526
13884 16345
13909 4567
13952 15069
13982 10331
13998 14441
14028 12605
14031 14451
14033 14456
14046 15915
14066 1754
14076 9222
14080 15947
14098 1887
14175 16026
14194 13600
14215 14764
14216 14699
14223 16112
14242 12735
14265 16020
14266 16021
14307 9102
14319 16394
14320 16054
14337 16112
14399 16165
14400 16020
14420 14666
14436 14826
14521 14806
14526 1456
14527 14820
14528 14821
14531 14940
14534 14941
14602 8767
14618 12281
14626 10580
14627 13140
14631 10718
14638 13248
14659 15061
14677 8802
14685 14994
14704 16027
14738 13420
14742 13360
14743 1177
14745 13178
14769 13161
14796 15063
14812 13494
14828 13519
14835 11548
14836 15613
14848 11183
14849 13631
14851 11185
14855 13634
14859 13635
14864 11133
14867 13645
14894 13601
14914 13638
14925 11548
14930 13713
14935 16419
14936 16457
14947 13715
14950 13704
14953 13726
14954 11291
14970 13772
14990 15508
14992 11512
15001 1529
15005 15544
15022 13904
15050 15599
15055 15602
15067 15620
15079 14039
15092 15641
15098 14082
15124 14183
15148 15746
15181 15805
15182 15807
15193 3280
15203 14275
15221 15857
15257 5743
15310 2038
15321 15914
15346 15915
15352 15906
15356 15898
15366 16026
15391 13500
15399 16026
15427 16020
15428 16021
15481 14698
15518 14698
15602 15847
15637 14940
15653 16278
15660 12422
15724 16242
15740 16312
15769 16210
15775 8391
15794 15350
15799 15358
15808 13664
15809 15428
15810 13665
15814 15435
15845 15473
15852 6387
