3 18
5 21
6 22
7 3
10 31
11 6
21 54
23 17
24 17
25 62
31 62
32 59
34 23
40 25
42 68
44 27
45 28
46 32
48 33
49 35
50 39
51 38
52 41
54 40
55 43
58 47
59 46
59 47
60 48
72 55
73 62
79 60
80 63
82 65
84 69
85 70
88 73
89 72
90 75
92 74
96 79
98 78
100 80
101 80
114 99
116 96
117 98
121 100
122 103
123 58
124 101
124 104
125 106
126 106
127 105
129 107
133 113
135 113
137 116
138 117
147 149
154 156
155 155
156 160
156 175
158 163
159 161
166 172
167 177
168 173
169 178
171 181
173 196
174 184
174 192
175 174
177 198
179 191
181 192
182 198
183 203
185 120
186 209
188 207
193 144
196 143
202 145
208 170
216 182
217 180
219 188
221 186
222 194
225 200
226 201
227 271
228 205
229 204
230 273
231 208
236 213
238 282
241 216
244 219
245 220
249 287
269 253
276 259
277 261
283 266
285 268
286 270
287 269
290 275
291 272
293 277
294 279
296 284
299 288
300 288
312 348
316 351
318 359
319 358
322 357
324 356
329 360
332 366
333 366
337 368
338 369
343 379
345 383
346 384
351 388
352 389
353 394
359 398
360 399
361 402
364 407
366 405
370 417
419 361
422 367
425 381
433 540
434 385
436 546
437 542
439 561
444 387
446 390
458 564
458 569
459 594
468 406
