3 18
5 21
6 20
7 3
10 31
11 6
12 9
13 11
14 12
15 13
18 15
22 57
23 17
24 17
27 19
32 25
34 23
42 68
44 27
45 28
46 32
48 33
49 35
50 39
51 38
52 41
54 42
55 43
58 47
59 46
59 47
60 48
62 50
63 53
65 7
65 8
65 52
66 94
69 53
71 56
72 55
74 62
79 60
80 63
82 65
84 69
85 70
87 71
88 73
89 72
92 74
96 79
98 78
100 80
101 80
108 93
109 95
114 99
116 96
117 98
121 100
123 105
124 101
124 104
125 106
126 106
129 107
133 113
135 113
138 117
146 148
147 149
148 152
148 153
153 156
154 156
155 155
156 160
156 175
159 161
166 172
167 177
168 173
169 178
171 171
171 181
174 184
174 192
175 174
177 198
179 191
181 202
182 198
183 203
185 120
187 209
188 207
193 142
200 151
202 145
208 170
214 266
216 182
217 180
219 188
221 186
222 194
225 200
226 201
227 271
228 205
229 204
230 273
231 208
236 212
236 213
241 216
242 215
244 282
245 220
249 287
271 254
274 258
275 260
276 259
277 261
281 262
284 264
285 268
286 270
287 269
289 397
290 275
291 272
293 277
294 279
296 284
299 288
300 288
301 291
312 348
315 349
316 351
318 359
319 358
322 357
324 356
327 361
329 360
332 366
337 368
338 369
343 379
344 380
345 383
352 389
353 394
360 399
361 402
366 404
367 407
370 417
373 422
416 513
419 505
422 367
424 523
425 381
434 385
436 385
437 542
439 561
442 386
444 387
446 390
458 564
458 569
459 594
467 398
468 406
