3 18
7 3
10 31
15 11
17 12
22 57
23 17
24 17
25 62
31 62
32 59
33 19
34 23
40 25
42 68
43 72
44 27
45 28
46 32
48 33
49 35
50 39
51 38
52 41
54 40
55 43
56 44
58 47
59 46
59 47
60 48
73 53
79 60
80 63
82 65
84 69
85 70
88 73
90 76
92 74
94 75
98 78
100 80
101 80
114 99
116 96
121 100
123 58
124 101
125 106
126 106
127 105
129 107
133 113
135 113
138 117
152 155
153 156
154 156
156 160
156 175
158 163
159 161
166 172
167 177
168 173
169 178
171 171
171 181
173 196
174 184
174 192
175 174
177 198
179 191
181 197
182 198
183 203
185 211
185 215
186 209
188 207
202 145
208 170
216 182
217 180
219 188
221 186
222 194
225 200
226 201
227 271
228 205
229 204
230 273
231 208
236 213
238 282
241 216
242 214
245 220
249 287
250 219
270 253
275 260
276 259
277 261
285 268
286 270
287 269
289 397
290 275
291 272
293 277
294 279
296 284
309 339
310 346
312 352
315 349
316 351
318 359
319 358
322 357
324 356
329 360
332 366
333 366
337 368
338 369
345 383
352 389
353 394
359 398
361 407
362 406
363 404
366 405
369 417
413 312
414 504
415 361
419 513
425 373
434 385
436 385
439 561
444 388
446 390
458 562
459 594
462 596
467 403
