6 22
7 3
10 31
11 6
12 9
13 11
14 12
22 57
23 17
24 17
25 62
27 19
31 62
32 59
34 23
42 68
44 27
45 28
46 32
48 33
49 35
50 39
51 38
52 41
54 40
55 43
58 47
59 46
59 47
60 48
62 49
63 53
65 7
65 8
65 52
69 53
71 56
72 55
73 62
74 64
79 60
80 63
82 65
84 69
85 70
87 71
88 73
89 72
92 74
94 76
96 79
114 99
115 92
121 100
122 103
123 105
124 101
124 104
125 106
126 106
129 107
133 113
135 113
138 117
147 149
148 152
150 148
152 155
153 156
154 156
156 160
156 175
158 163
159 161
166 172
167 177
168 173
169 178
171 171
171 181
174 192
175 174
176 191
177 198
181 197
181 202
182 198
183 203
185 211
185 215
186 209
188 207
193 142
200 147
202 145
208 167
214 266
216 182
217 180
219 188
221 186
222 194
225 200
226 201
227 271
228 205
229 204
230 273
231 208
236 212
236 213
238 282
241 216
242 214
243 218
244 217
245 220
248 288
249 287
275 260
276 259
277 261
281 262
284 264
285 268
286 270
287 269
289 397
290 275
291 272
293 277
294 279
296 284
309 339
312 352
315 349
317 351
318 359
319 358
322 357
324 356
329 360
332 366
333 366
337 368
338 369
343 379
344 380
345 383
352 389
353 394
359 398
360 399
361 402
364 407
366 412
369 417
433 540
444 387
446 390
458 564
459 594
