2 128
11 137
14 133
16 139
21 167
23 148
26 169
27 168
29 174
31 181
32 19
34 175
35 18
36 214
37 23
39 21
40 24
42 27
43 28
44 26
45 29
48 30
51 31
53 33
55 51
56 36
57 37
58 35
59 34
62 209
63 38
64 41
65 40
66 39
68 212
70 32
71 44
73 223
88 43
91 59
92 48
95 57
100 283
102 64
106 68
108 65
109 70
113 69
118 84
140 134
144 457
145 162
146 146
148 140
149 142
150 464
153 145
155 143
156 147
157 150
159 151
160 152
162 155
164 163
168 135
169 159
171 161
173 165
174 158
178 185
180 166
181 164
190 171
197 492
202 184
204 197
209 190
211 192
215 506
222 204
223 511
225 513
226 206
228 205
229 213
230 516
233 203
236 216
238 219
243 224
245 215
246 221
247 225
248 227
250 229
252 231
253 240
254 232
255 534
256 235
257 237
258 542
261 238
264 242
265 532
267 246
268 247
269 244
270 248
271 254
273 250
274 253
275 258
277 252
278 255
284 257
285 261
286 266
287 262
288 260
289 245
290 265
291 277
292 304
294 272
295 274
298 287
300 279
303 273
309 303
310 313
311 288
314 312
319 311
320 97
322 306
323 300
325 302
326 89
329 62
330 314
332 323
336 336
337 324
338 334
339 333
340 337
341 340
344 343
380 452
393 455
397 459
400 465
401 461
403 466
404 471
405 469
407 462
409 467
410 472
412 470
415 475
416 474
419 476
421 480
422 479
424 481
425 482
431 488
442 501
444 502
446 505
447 507
454 509
457 510
458 515
460 518
461 517
463 519
464 522
466 525
472 531
473 527
474 533
476 251
477 236
478 539
483 543
484 547
485 546
486 548
487 554
488 552
489 555
491 562
493 557
494 556
495 570
497 559
501 564
505 271
517 595
520 319
537 310
538 697
539 330
544 335
547 342
557 341
559 393
565 345
567 364
568 369
571 351
575 709
576 349
577 379
578 367
580 398
584 723
587 387
589 394
591 736
601 431
602 436
603 437
615 815
638 821
641 449
647 822
654 831
655 463
661 460
665 836
673 838
675 841
676 840
677 839
678 843
679 842
682 846
687 845
688 849
694 852
696 847
697 477
699 856
702 478
708 868
710 860
711 862
715 864
719 869
720 489
723 866
724 872
726 497
727 873
728 874
729 876
730 884
731 880
732 500
733 879
735 883
736 512
737 886
738 885
739 887
740 888
741 899
743 891
744 890
745 889
746 893
747 521
749 894
750 526
751 520
752 523
756 900
759 537
760 538
761 911
764 558
765 549
766 541
768 544
769 540
770 916
771 917
772 545
773 915
775 550
776 918
778 922
779 921
783 553
784 566
786 567
787 569
789 576
790 580
791 577
792 937
793 590
794 579
795 587
797 941
801 947
807 597
808 601
815 600
821 613
822 963
823 621
826 617
827 672
830 609
839 638
859 676
865 716
869 722
870 739
871 695
872 738
875 993
878 743
879 733
881 757
882 737
887 752
889 773
895 761
899 770
900 775
901 781
902 434
904 767
905 805
906 777
907 785
908 790
913 784
914 780
915 788
917 771
918 791
919 755
920 789
921 782
925 794
928 798
929 801
935 813
959 823
963 824
964 837
969 828
973 827
980 835
983 851
985 1182
989 834
994 833
1002 844
1003 854
1013 1196
1018 850
1019 1198
1021 858
1024 857
1028 859
1029 1200
1030 1207
1032 865
1033 863
1035 1199
1036 1211
1038 1214
1039 871
1040 1212
1045 1218
1060 897
1064 1240
1069 908
1070 907
1072 909
1073 910
1076 1252
1077 1253
1079 913
1080 914
1081 1256
1083 912
1085 1261
1086 920
1088 1267
1089 560
1090 925
1091 1270
1092 928
1093 927
1094 926
1095 930
1096 931
1098 565
1099 929
1103 932
1105 934
1106 933
1107 945
1110 939
1111 936
1112 938
1113 935
1114 1288
1115 1287
1116 944
1118 949
1119 940
1122 1295
1123 952
1124 953
1125 951
1127 954
1128 958
1131 955
1142 1310
1143 977
1161 986
1162 971
1165 984
1167 991
1170 646
1171 985
1172 995
1173 988
1174 1028
1177 1024
1178 1029
1179 1026
1185 1033
1187 990
1188 1039
1196 1000
1198 753
1199 1047
1202 1004
1205 1062
1206 1008
1207 772
1211 1014
1213 1079
1214 1084
1222 783
1223 1085
1224 1091
1226 793
1227 795
1228 1141
1230 797
1234 802
1236 803
1245 1167
1249 1173
1258 1172
1272 1184
1273 1186
1275 1181
1280 1185
1286 1188
1289 1192
1294 1194
1301 1202
1302 1203
1313 1217
1315 1205
1325 1224
1326 1227
1327 1215
1331 1226
1333 1222
1337 1220
1338 1221
1347 1228
1348 1229
1352 1238
1362 1242
1370 1245
1371 1254
1374 1247
1375 1248
1376 1249
1378 1255
1384 1269
1388 1258
1390 1271
1391 1259
1393 1263
1394 1264
1399 1272
1401 1273
1406 1279
1408 1290
1414 1283
1415 1303
1420 1306
1421 1296
1425 1307
1432 1311
1435 1314
1437 1305
1441 1316
1443 1324
1457 1331
1477 1342
1478 1341
1484 1347
1485 1346
1486 1052
1488 1354
1489 1009
1493 1350
1495 1390
1496 1357
1497 1360
1502 1369
1505 1373
