83.8779 47.9232 95.2955 26.1067
87.821 67.9531 13.2004 199.961
90.477 67.1042 98.0487 71.9932
94.4361 45.4623 190.6684 49.6213
95.0493 27.4005 113.4518 33.367
97.1025 30.9369 94.1635 44.8581
97.1482 49.9967 92.239 62.0236
99.9706 71.9636 97.4236 89.0847
101.0704 59.0495 108.1351 55.6459
103.2339 72.9833 91.9329 64.2996
106.5278 60.5879 102.7181 67.35
106.7218 65.6061 105.0099 79.4535
110.6121 35.6648 97.8333 31.5255
111.5132 31.4693 114.2507 20.5937
113.1206 57.2719 124.3831 57.3975
114.2759 20.3368 134.3206 22.403
114.4413 31.8844 112.8321 43.2604
122.6136 20.3021 148.5735 -0.38102
146.881 65.4398 165.6517 66.0433
168.1329 25.4577 136.8936 23.9819
169.4895 20.0553 181.9871 22.5672
175.6067 59.6948 185.6454 60.2683
184.3788 19.2746 168.1048 18.6516
188.136 64.093 106.815 60.9054
188.1437 26.1834 170.6227 25.7096
188.2711 46.8853 189.6834 26.8088
189.4265 70.6037 108.0568 67.3085
190.5485 54.908 96.8102 50.8841
191.7267 79.3901 192.0006 59.3596
191.8663 49.5624 222.0339 50.9708
192.4305 25.6699 193.8734 47.9958
196.0228 54.3769 195.91 78.1264
196.7959 29.4762 224.3477 31.0901
198.5876 45.5914 197.4901 30.4895
201.3122 65.6231 201.4242 106.8796
204.5345 70.5849 201.578 58.8213
206.9131 59.9285 298.1634 64.9227
213.2253 23.5167 222.9104 21.0369
222.5526 20.572 223.929 5.6994
223.1687 25.4575 213.1397 25.1484
223.1772 40.9688 199.4339 39.6019
224.3435 51.2689 279.4561 53.9682
225.7187 14.3764 225.5654 24.3741
226.3889 29.33 227.2099 43.2527
228.081 5.7444 276.861 7.3109
229.3287 17.7729 271.8447 19.9635
229.375 23.125 229.375 29.375
231.3434 68.128 231.2587 88.1224
231.8784 48.1251 232.4574 30.6029
232.0516 31.8685 231.8667 26.8295
232.6343 25.7323 231.1587 18.9849
234.3505 27.3667 266.8943 28.9858
247.689 48.1347 247.8228 36.8714
248.2102 34.2314 234.2069 33.3757
251.3603 43.0759 251.7817 49.3812
258.1793 58.4955 246.8183 57.794
263.5124 35.6529 250.1725 32.6069
266.2759 32.0321 264.2113 40.5855
266.9312 25.7055 235.5734 24.1982
267.591 49.4161 266.7226 38.1367
269.3997 28.1201 269.3149 49.3748
270.0322 21.6501 269.3943 26.8774
272.1076 71.8665 273.0715 98.127
273.8569 39.2874 275.0717 49.4412
274.9403 31.8727 274.8802 16.873
275.6114 13.6605 226.8611 12.4248
276.7737 33.5416 301.9088 35.0689
277.2449 42.151 275.0122 35.033
278.1008 79.5228 295.7423 82.4079
278.3356 6.7026 276.4526 18.0549
279.6006 53.2168 306.9964 54.906
300.6008 44.7768 278.1072 43.4204
302.7964 35.6326 303.1718 51.9028
305.0992 60.4324 298.1573 79.3868
306.875 50.625 306.875 33.125
308.0857 55.042 375.5725 59.0163
308.7395 35.5977 309.4634 51.8711
313.994 59.5893 306.2988 90.7912
314.3869 72.9004 373.1045 76.0114
314.48 66.074 323.2433 67.223
329.2791 53.1323 328.0379 36.8817
330.3841 36.8406 330.9396 53.1143
332.7452 2.6882 346.6295 9.8509
335.5823 67.3817 350.6857 68.6556
339.9634 53.0928 339.0736 36.8231
346.6726 13.3482 351.7644 9.7273
348.5947 14.7659 357.8718 19.8381
358.2509 20.1978 363.5697 27.4644
359.3906 29.0651 284.3922 25.284
366.4247 27.1549 370.621 33.9046
370.0348 32.9855 377.4368 36.9198
370.6278 69.3267 388.1416 70.3383
375.6523 59.1686 384.4144 60.327
378.9614 39.3706 379.0141 49.3769
385.1773 47.1643 402.3569 39.1591
385.5331 60.2913 396.9193 61.4334
388.1408 74.098 320.647 70.2394
395.7168 65.3951 315.4828 60.4169
397.8972 62.103 400.3983 64.6019
400.625 36.875 400.625 0.625
401.0652 65.17 441.7329 104.5219
402.1689 44.3324 405.0855 64.4532
402.6647 43.3488 384.7216 51.3976
403.2023 0.62119 403.0886 35.6249
403.374 37.725 411.4502 47.2357
407.3206 55.1661 415.9971 63.9884
407.7959 68.0109 406.2521 55.5473
409.3212 41.4226 416.7032 41.9208
409.9037 48.9448 403.9013 43.6634
411.9326 46.876 420.9179 55.4406
413.704 73.9041 408.5398 67.5542
415.838 60.4166 405.9492 50.3079
416.7469 55.7579 410.3841 49.625
419.1861 61.2723 415.9536 68.9891
420.731 74.6104 432.4245 69.3456
432.0034 75.4236 434.5852 93.0943
432.6082 68.6509 448.3741 84.1435
432.677 73.4004 422.9984 77.8495
435.6516 79.4931 440.4102 78.4214
436.8074 76.935 433.8435 73.5969
445.1763 77.4637 558.2231 0.76967
563.0659 0.53771 446.8293 79.3075
31.8497 144.9545 38.537 130.8199
34.089 149.5324 31.6336 145.07
43.899 129.1757 45.1839 134.1667
44.9957 129.7175 63.7048 95.8153
53.3783 101.4081 61.9041 85.0413
58.0771 159.205 53.7858 191.9616
63.6509 137.185 39.8055 177.642
64.7672 95.8147 71.8314 81.2085
71.3308 124.7678 64.5418 136.9678
72.1874 80.7964 88.0737 51.8469
73.0214 121.8471 71.6831 126.8234
80.8184 116.9939 94.6232 94.5275
80.8972 124.144 57.7547 158.7139
83.9261 148.0756 82.6112 126.7525
85.0108 154.7972 73.5037 172.1265
87.9017 135.6188 87.8903 140.6245
90.8338 93.5618 98.3982 89.9467
90.9896 94.5987 73.7309 122.7299
92.093 141.9021 89.5687 162.2098
95.5403 99.5481 90.292 134.8825
96.4214 131.9593 102.5201 74.311
97.9825 91.8535 96.0825 104.444
99.0223 135.5914 87.5812 255.6923
100.6029 143.621 118.1238 144.4019
100.6267 133.0517 140.634 133.9893
104.6484 84.2792 99.9745 131.9338
106.8544 80.2968 189.397 82.1422
118.2941 139.8848 100.4977 138.3724
121.8507 155.6631 164.3827 156.4642
122.6594 130.5918 125.5954 89.3729
125.3034 117.0014 128.7852 125.8569
125.6051 86.7491 106.8389 86.4168
126.4674 83.2364 128.3179 90.0057
128.8497 91.8326 126.9296 115.6294
130.6144 142.5597 158.1272 142.9854
132.0019 131.8813 134.2341 86.9301
133.101 86.4748 163.1123 87.324
135.5444 93.9423 160.6524 94.9218
135.5986 105.1174 158.159 105.919
140.3835 117.3124 144.8442 119.7751
144.9401 116.9038 145.1337 113.1
145.6113 110.9467 135.5762 110.5183
148.1202 134.5378 175.6701 135.3539
148.1211 115.6247 147.2009 128.1489
157.9815 129.3604 159.6346 113.1515
159.3761 110.9876 149.3763 111.0192
159.4104 131.8729 133.1107 131.1294
160.6631 100.8608 136.8528 99.9652
162.7366 99.4866 161.023 131.896
164.5162 126.8827 165.8864 101.8893
164.8039 87.9302 162.0775 99.423
165.6517 139.4158 123.0621 138.4771
166.8731 84.4381 129.3695 83.3067
168.1317 147.7369 100.6087 146.5671
169.1553 101.9373 167.418 130.6579
169.3133 146.6345 178.1243 144.3722
173.2396 141.3488 165.2995 139.6196
174.4934 101.3415 166.8167 99.6377
175.1247 134.3522 176.6089 101.8059
178.2547 88.3736 187.6528 83.4699
178.9728 132.4356 182.7984 137.1406
180.4086 110.6129 179.2854 130.6899
180.6125 89.8368 189.3801 89.6983
184.9755 134.9036 192.1918 133.4727
185.6363 150.5358 171.9469 148.8061
186.1914 159.075 189.7589 150.9463
186.7334 133.025 189.8746 89.3211
189.3708 141.6106 176.874 141.8092
189.6675 88.2266 192.9187 78.869
191.8156 150.6265 191.5702 140.6325
193.0414 90.6205 190.9437 129.4597
194.2888 133.1292 194.8324 144.4132
195.8101 148.1305 194.2368 200.6583
196.4321 129.1617 203.5439 127.0092
196.5721 83.1333 196.4951 91.8827
196.8679 145.8529 309.3753 149.3666
197.6362 108.2542 198.6109 93.0759
199.4669 129.4366 224.4314 130.3773
204.3754 94.441 203.7474 70.6746
204.9972 125.7091 203.8232 116.949
206.1732 114.4255 206.5619 100.5811
206.8609 151.1014 226.8804 151.694
208.1097 88.3428 225.611 89.5743
211.544 120.4898 205.7686 116.6585
213.1194 115.8989 230.6122 116.2546
225.6248 130.6307 263.1646 132.1401
226.8521 118.9569 211.8635 118.5443
226.8829 111.5119 208.1146 111.1007
227.7299 153.1162 228.23 201.8739
228.0334 89.3697 226.8065 110.621
232.8158 155.6246 232.7523 201.8762
233.5651 100.6274 233.7452 68.1215
233.7871 111.8803 233.6853 100.6426
234.3686 152.1162 270.6262 153.0803
235.5957 89.9729 265.5851 91.4406
236.8013 125.6422 237.6952 129.4752
250.6227 120.1203 236.8619 120.1816
259.373 117.7207 270.6227 117.6635
263.1954 121.2494 253.0426 120.1069
266.9658 113.8618 234.4875 112.19
267.0509 90.6148 266.8371 113.1246
269.3978 159.7735 255.6242 159.4046
270.6974 132.4938 283.1787 132.0098
271.4334 154.3566 271.8884 174.3747
272.9194 111.6692 274.3301 101.6919
273.1234 153.1691 299.3836 154.1423
274.3281 115.3078 299.3904 116.5691
274.8243 100.6292 274.6738 71.8734
276.3852 156.862 277.1755 203.1412
276.8636 91.6798 291.8754 91.8426
276.875 85.625 276.875 86.875
281.9077 120.9051 268.0891 120.4385
282.0155 132.3113 294.4578 133.1582
288.1315 101.8956 276.4651 105.5754
293.6474 90.5956 294.712 109.4968
294.1777 88.5963 297.2968 92.813
294.4531 111.9893 278.0229 110.8595
296.875 129.375 296.875 133.125
299.3485 114.3759 298.899 100.5997
300.5095 95.6294 301.0811 110.6076
300.625 151.8743 206.849 148.9619
300.773 132.7778 309.5634 133.5924
301.3045 120.6144 301.4611 130.6119
301.6317 153.1339 303.5567 205.5633
303.0961 88.4323 278.0823 86.0784
303.9342 85.5254 309.8224 59.4761
304.1909 86.8411 301.9214 99.1531
304.3301 98.1265 304.8313 113.1097
308.2101 115.6178 306.6137 96.7912
308.9204 130.6709 307.9095 120.6467
309.6758 95.6083 311.6871 131.8854
310.5731 88.686 353.1456 89.907
311.9005 138.5522 196.8172 134.9928
312.4934 153.0974 315.4494 219.4385
315.6052 140.4071 325.654 140.2715
325.5978 95.1097 310.5721 94.5528
326.2721 142.8666 329.8013 151.7048
326.9449 146.3363 314.1734 144.6784
328.0678 140.2876 349.3907 141.6243
329.0261 136.9013 326.0091 96.8461
330.1711 101.8042 332.9691 133.2501
333.1006 94.99 360.6564 96.082
333.3111 101.8567 332.6887 95.5448
334.4839 155.786 315.2424 168.8098
335.1977 107.0517 332.8843 101.4576
335.509 102.4536 359.3218 103.9638
336.8172 112.9536 356.9603 114.0332
336.954 138.1188 334.6125 108.1065
343.1316 149.2232 365.6435 150.1971
346.8718 117.9485 338.1017 118.11
347.2355 138.0973 345.7938 119.362
349.3568 120.5348 350.6521 138.2146
350.6003 141.1411 398.1111 143.4164
354.3056 90.1429 388.1184 93.1979
358.1368 118.8622 349.3627 118.6608
359.3196 109.2703 336.8118 108.1825
361.2583 139.3247 359.5719 118.1094
361.6027 98.1458 364.8513 140.6841
363.1758 93.406 328.1411 91.5676
367.5454 99.3196 370.7599 138.2171
367.6954 131.9128 364.9404 100.5753
372.0893 127.1911 390.7408 114.5458
373.0891 146.5532 330.556 144.9107
387.0326 80.4709 311.7784 76.0029
387.4518 91.3784 397.9804 100.7868
389.355 98.5129 368.097 97.4183
395.6373 143.11 411.3463 155.9957
395.7074 155.9497 314.3846 152.8705
396.8885 147.8605 375.5664 146.7743
398.313 112.1487 372.3094 130.0076
398.4301 84.0666 389.6338 75.3634
400.0098 131.8697 399.9122 143.1188
400.1394 108.6774 389.4539 99.2852
400.9642 111.884 400.6012 125.6244
401.7651 81.9942 416.7209 95.792
404.472 106.7364 412.6934 112.4916
409.5062 127.2646 405.4718 115.6783
411.4305 158.2638 410.103 165.9659
411.8388 118.1587 415.4489 122.0388
412.485 114.2533 417.3407 117.0077
413.3382 154.4859 410.4026 127.0324
413.9641 157.4052 428.7823 168.8898
414.3764 119.3945 421.8398 118.8725
414.8732 137.9448 418.9053 149.0928
419.2108 122.5058 415.3222 129.1991
420.305 159.4065 419.3182 149.3806
420.7442 127.3024 427.9742 167.5753
421.5787 120.9538 464.2354 159.3927
422.3174 101.3958 465.2521 141.0289
433.3653 92.8873 423.4211 82.8322
436.5455 84.7105 444.7491 92.7669
437.9449 142.0604 426.5321 130.9781
441.4742 103.5174 473.6378 136.373
442.7657 144.7182 446.4557 148.5815
444.7185 89.0074 434.3917 79.3572
447.4746 103.12 447.532 95.6205
448.0269 89.3122 456.9141 88.6482
448.9485 150.0513 444.876 155.0098
449.2611 94.4301 452.6763 101.4872
449.3195 93.3532 459.335 95.7895
451.4665 150.5876 451.1267 165.6645
453.0385 108.8939 449.6338 102.9761
453.3932 101.6222 461.8784 110.6218
465.3997 152.1201 387.2646 80.3112
466.1448 109.2987 465.4449 115.998
467.8911 110.2032 474.7919 106.3768
472.7133 114.8585 483.3728 116.3293
472.9857 140.7226 395.3576 65.9025
473.6716 132.5686 456.6545 115.8495
474.2387 142.9514 466.3953 149.1066
474.4355 120.365 476.486 130.7022
475.7535 146.775 499.7979 170.2231
476.9029 119.3454 482.0448 124.195
481.0305 125.1283 484.5054 127.9653
481.962 106.83 489.9301 122.2344
484.2816 144.5008 479.0554 140.6216
485.3856 126.7385 484.4557 136.8824
485.5841 120.6074 483.5708 125.2784
487.5771 128.1801 495.5006 130.4557
488.2615 149.163 481.8212 145.0169
490.4992 145.5245 488.7932 147.6602
494.3817 128.583 501.6632 133.8832
500.2517 139.4328 503.5551 160.752
501.3722 143.5336 513.6862 158.6848
502.6607 132.9935 500.7444 139.7627
503.1245 138.1287 509.2812 138.8869
508.6493 139.8046 517.4949 154.748
514.9944 155.1283 503.2702 140.5086
514.9996 158.1797 515.8676 168.1038
3.0998 236.7971 21.5406 230.8399
7.6409 199.7797 34.5707 148.8179
20.0168 235.4988 16.6285 251.8238
22.927 229.4847 22.4501 206.8892
24.1482 206.3713 7.0844 201.1859
24.5166 208.2854 29.1867 204.1617
27.5668 230.1138 22.1731 236.0032
29.2616 203.0655 33.1569 195.6417
31.1618 231.4936 40.1063 214.766
31.7804 236.3862 34.5927 243.0329
32.3355 214.4457 29.4662 233.139
38.4596 182.0737 25.3212 204.1946
39.7149 213.7072 63.2494 181.6335
39.7508 187.8493 31.5421 213.8758
41.333 236.0134 49.6817 220.7932
44.619 203.1568 47.0638 184.3996
47.3566 183.3055 48.3322 180.7027
48.112 174.3678 40.8243 187.5438
49.5913 165.7593 68.817 134.8048
50.7642 219.2384 45.6932 260.4797
51.0114 203.3588 42.9126 216.7465
51.2393 195.6857 52.7303 180.586
51.5747 175.6679 50.3002 166.7429
53.3264 209.9248 35.4212 236.7389
59.6914 220.6575 57.8986 238.1017
61.6471 195.4969 53.6734 209.6832
63.1249 179.3749 64.3751 178.1251
63.7137 187.2507 59.7937 193.3922
64.2648 183.0745 71.2876 167.7516
68.5752 221.9047 69.6478 205.643
69.2901 188.5768 65.2204 195.3831
70.5941 169.872 75.6051 161.3481
71.7625 180.1243 68.7396 188.3508
72.5115 201.8582 72.3455 195.5795
72.6242 192.836 81.5319 177.3983
73.6464 238.1758 76.3263 210.6934
75.2019 201.3459 71.6458 205.4252
75.5521 203.0856 78.2094 198.1706
75.5831 160.8212 91.485 141.3265
77.2506 210.3564 73.6154 205.2742
81.6079 168.7384 91.278 164.6816
81.9806 169.8514 73.0444 183.0705
86.0879 179.618 80.2593 250.6975
89.2037 169.207 87.7118 181.8262
108.3008 233.2122 109.5433 230.7085
113.8281 229.4319 119.703 156.9016
115.2675 236.0573 129.1052 230.0078
116.6698 222.9334 130.6224 225.6382
121.5407 165.6019 118.9503 203.0957
121.8704 162.1936 163.1119 162.7851
124.4811 189.3826 122.7783 213.1001
124.5621 221.8886 127.8318 176.8537
126.6073 175.6194 126.7633 168.1488
128.12 167.2429 158.1315 167.6536
129.3465 175.5506 156.8606 176.2178
129.358 188.8383 154.3735 189.4361
129.4138 227.4632 123.0266 227.8848
131.8691 224.967 158.129 225.2287
137.1889 236.5113 120.7834 242.3222
138.1313 219.4384 139.2697 196.8697
138.1665 227.3605 130.2964 228.0338
140.1983 231.5042 164.3304 243.2169
142.8011 195.6098 141.7417 218.1774
145.8441 228.9441 164.7828 238.5728
149.352 182.1168 130.6521 180.3398
153.4584 219.3903 154.4894 196.8802
154.3805 185.6299 129.3755 185.5193
154.3843 222.5311 126.8518 222.0983
154.3979 193.6253 129.3067 192.8582
156.8503 228.422 143.0916 227.2765
158.562 169.2675 155.8235 221.8202
159.7585 213.1447 161.6215 176.862
160.637 164.9128 123.1265 164.2827
164.0559 176.864 162.2409 229.3876
166.3343 236.8898 167.616 175.6143
169.3434 164.4702 168.4916 153.0049
190.1761 163.1032 187.1951 224.3906
191.1064 227.9774 187.8757 244.8071
193.1243 201.8963 203.1546 202.2268
193.1904 206.8782 192.3228 224.3972
194.3534 226.4664 301.8788 229.2269
202.7453 169.3721 202.5198 199.3799
203.495 208.0962 202.9614 224.4105
204.6808 200.6282 204.9953 170.6053
205.3598 170.6251 205.353 150.6242
206.853 202.569 226.9121 203.2054
208.1085 168.5378 225.6304 169.24
208.7586 175.6113 208.2009 200.6545
218.125 229.375 194.375 229.375
223.1794 165.8633 208.0886 165.052
226.1805 226.4528 248.0564 211.7727
226.5812 200.6314 226.2545 185.6113
226.9753 174.0564 206.8179 172.767
229.7939 201.8776 230.0785 155.6216
234.3632 203.744 270.6477 204.435
234.7569 201.8769 234.9854 155.6218
236.869 169.5766 269.4146 170.5485
251.1783 201.8792 251.0274 176.8726
254.1708 210.3216 233.1757 224.4504
255.2945 176.8717 255.0461 201.8941
264.2921 200.5576 262.5713 202.675
265.7242 199.56 268.1866 198.24
266.875 230.625 230.625 230.625
269.4102 166.9312 240.5747 166.0806
270.6064 194.3752 270.4489 176.8766
270.625 234.375 306.875 234.375
270.6442 175.0499 236.8484 173.9221
271.875 175.625 271.875 194.375
274.1375 195.6237 274.341 156.8748
278.1266 205.1586 296.8764 205.2251
278.8543 174.3787 278.7293 156.8707
279.6254 203.122 279.3228 178.1256
280.5966 171.2279 299.4226 172.1156
292.5568 194.3587 292.7662 203.1336
294.345 183.0798 281.6374 191.5172
296.8678 176.2005 280.6048 175.998
298.9061 205.6466 297.5831 176.8999
299.3835 168.6382 280.6071 168.4209
301.8859 228.9965 313.1498 228.8555
302.9052 226.8912 302.7258 210.6294
309.375 231.791 299.375 231.7891
311.783 201.8786 309.9341 154.3533
313.1375 208.9236 193.091 205.6036
315.6273 224.3168 319.5251 308.1761
315.6584 165.6741 329.1273 156.5109
331.8605 162.3126 373.1066 163.6798
333.1056 168.7455 371.8958 169.9581
333.3607 216.8614 330.2471 163.0745
333.6851 171.8352 336.973 218.118
333.9762 225.6334 333.7133 213.1389
334.458 235.6185 334.4931 229.3616
336.1679 224.7495 333.6092 228.459
339.3613 173.7119 368.1248 174.3838
340.6018 181.7195 366.8665 182.2755
342.5984 225.5678 338.4434 173.001
342.8837 196.9971 364.2938 194.8244
353.1809 226.3462 343.1123 226.0296
353.6907 198.075 356.3634 228.2809
354.3887 231.7457 336.8913 231.959
358.125 231.875 359.375 231.875
359.1892 234.7281 387.888 249.8255
359.8582 225.9375 366.8021 229.5165
364.3704 200.6872 355.576 200.0309
365.6239 186.9189 341.8263 186.3249
367.2167 233.7089 390.5869 245.6993
368.1577 175.7217 372.3253 228.1885
368.2196 225.6178 366.2089 199.3303
369.3674 172.0908 334.4105 170.8633
373.3358 232.9608 364.4115 231.6303
373.3481 164.4637 379.3943 234.4813
375.5443 220.6321 371.4488 174.3022
400.1547 205.674 404.0565 243.1582
406.251 165.1182 396.0766 156.576
409.9578 161.2004 395.8999 149.0567
414.9544 167.3154 429.0147 177.3784
417.0934 185.3409 421.4434 188.6862
418.6989 233.385 425.3897 231.9936
420.8392 190.5834 431.4422 199.6716
421.1212 200.3703 430.2916 207.3153
422.4636 229.4785 414.5908 179.1457
430.0737 168.6498 442.2885 181.4814
430.5149 193.4253 436.8753 248.7003
441.3103 192.2531 406.922 165.2248
441.8748 184.3752 444.3752 186.8748
442.0824 189.3545 451.0003 187.8503
443.2154 186.7716 414.617 161.7784
443.934 199.4388 442.2625 187.888
445.8969 182.0535 438.5093 141.5767
447.2134 211.776 443.7888 200.0653
448.7812 166.9244 454.1196 169.8422
449.9314 211.5903 457.9785 206.9521
452.3658 176.1716 458.3116 170.8328
453.0392 212.897 459.3384 210.5277
453.1327 166.9699 458.2009 166.5578
453.2157 192.4278 464.5702 190.5642
453.7837 223.9065 459.3692 228.1327
454.6841 207.0185 471.6279 203.2607
459.0163 172.4348 465.4714 169.0796
460.5132 223.1242 460.4334 234.3914
461.6964 234.8087 466.6657 248.9404
462.4477 218.2077 453.4179 213.7779
466.3781 164.255 464.5995 153.0892
466.8579 166.896 458.6802 160.227
468.5049 193.9713 447.0823 203.5869
468.7656 225.4144 465.145 235.8911
469.1029 166.5252 472.8414 176.9765
469.704 161.4893 499.4139 186.8294
473.7192 218.68 465.8594 227.094
474.2325 177.6637 480.2904 175.792
474.8367 194.7607 488.3208 205.6771
476.3828 208.9864 463.2224 220.5649
477.3073 220.5609 481.7701 250.6406
477.9549 211.1826 485.5143 213.4881
481.1249 178.9017 488.1063 185.6444
484.6859 206.9464 476.7433 208.815
488.0826 216.9273 497.0258 224.1893
489.2352 184.3629 488.036 198.2254
489.4584 233.0137 503.8611 243.8105
490.0806 199.1563 489.2566 205.9153
491.0009 205.5408 494.1115 219.434
492.367 187.6721 502.5099 198.6912
495.5797 228.1798 485.9592 220.221
496.1849 176.4787 473.1048 154.5245
496.8488 176.9682 503.0956 176.8269
498.6064 224.5091 492.67 190.4863
498.9497 229.6665 505.0132 234.8833
500.5489 190.7153 470.0837 165.0166
500.6232 179.7201 505.6256 179.7104
500.8481 170.4061 539.2238 209.5234
502.9158 183.584 494.2558 179.6366
503.1249 168.1251 504.3751 169.3749
503.9263 164.8654 488.6489 148.7482
504.1225 184.0042 510.4145 183.0239
507.3409 201.9827 510.397 224.2346
507.4104 188.8754 526.6071 207.1563
507.4533 231.6256 499.1076 226.0234
508.9374 199.8145 500.8199 191.6776
515.0294 214.1352 517.8963 221.9588
518.8958 167.2788 524.1785 172.0907
522.0139 211.7255 509.6927 200.2829
523.145 166.915 530.6421 163.1591
523.7178 218.398 540.3727 232.1799
526.2871 173.0041 537.4098 170.5092
527.5314 176.6917 530.3939 186.9396
530.0054 238.4905 534.2559 245.6953
531.8434 206.9072 509.7656 185.2272
533.2921 175.1979 537.8823 188.2106
533.3736 164.1837 535.5117 166.9622
537.2705 189.1809 537.8694 194.2577
538.8895 209.8024 551.9247 221.9165
539.4026 194.4572 553.2651 189.7913
542.7957 236.0301 552.4879 243.9088
543.2938 205.4666 502.7263 162.2493
545.7367 235.4657 547.3291 224.0886
547.0131 195.866 540.1509 199.7975
547.2755 227.7892 528.6976 208.7873
548.9063 198.0048 550.8719 210.7793
554.3749 231.875 555.6252 230.6252
554.4898 218.0208 543.2435 205.6326
554.7933 190.9775 559.5971 202.3107
555.4872 219.5409 563.7389 226.3912
556.2803 226.2288 600.9949 270.2686
559.6071 202.8627 565.5938 208.1603
561.5164 219.4722 557.0712 203.0718
564.36 205.852 571.9916 206.3543
566.062 212.9291 567.9741 229.3925
571.6875 205.2267 578.5696 216.8427
574.8488 220.0749 567.7557 212.208
575.5112 216.2523 588.4911 218.6064
579.1736 238.4243 576.0026 223.0471
583.299 234.3487 585.2006 246.9391
588.4559 217.7613 592.1812 221.6243
591.7397 236.9474 586.1918 226.5719
592.8251 221.8522 599.7437 227.8856
594.3291 232.1758 602.0313 233.351
601.7355 233.423 612.2441 242.8562
1.6983 284.3413 3.6279 274.2324
1.9727 260.5605 9.8001 272.4194
3.6096 290.538 0.47692 318.1082
4.0752 246.6421 11.7424 236.772
8.1071 272.6102 4.5263 281.4289
14.994 270.5519 13.6751 281.9387
18.203 270.6683 23.6236 260.9017
20.1559 284.1582 15.9446 293.2727
20.7409 309.2322 19.4628 319.386
21.0612 245.0619 28.1685 234.7902
21.6674 256.1361 16.4939 266.6881
23.6971 279.3502 24.0807 288.192
27.2253 242.1136 20.5931 251.8533
27.5494 258.0257 24.3004 276.8621
30.7709 295.6746 34.5859 284.4467
32.3407 243.4641 22.9265 256.3908
35.529 286.9731 43.1096 294.3907
39.2276 260.6754 37.0512 254.3147
40.2544 275.666 41.0163 259.3349
40.259 310.5987 38.9139 329.3419
41.7618 242.1227 43.4916 234.1825
42.6247 258.1537 43.0585 246.8246
43.745 282.9741 45.6078 290.6292
45.0385 269.1549 44.1265 281.9464
48.16 261.8973 44.2438 268.0414
55.6989 275.6523 60.5129 262.6218
59.478 283.0905 56.9702 275.5931
59.5723 295.6409 60.3728 285.7054
60.8225 262.6861 64.8912 249.1543
60.9059 314.4925 61.9819 311.9197
61.4069 286.3426 70.9605 275.9329
62.8129 315.5742 59.7745 334.2365
64.4122 310.6349 63.3903 314.4461
64.8805 248.4055 67.2961 244.0523
66.4621 251.189 78.24 253.8696
67.5107 245.2607 72.2278 241.875
71.9975 253.7944 66.8791 263.7334
76.3139 305.5669 75.0063 318.1904
77.2451 271.9022 74.8271 304.776
77.2571 260.9011 70.9592 269.6165
80.8386 251.766 78.5867 273.1736
82.4028 316.8128 79.5966 349.3941
85.0547 305.3407 83.4108 315.8649
86.0715 274.3111 83.8743 301.9346
87.5158 256.8544 86.9652 273.1702
87.7839 318.981 92.4981 314.9007
96.7057 246.1314 104.6478 244.3235
98.0265 313.041 92.8368 319.1294
98.0278 242.3693 104.3342 241.558
98.4608 248.4452 88.6743 258.7068
100.7077 319.4056 107.0118 302.3887
102.966 240.5412 106.8727 233.1238
104.7602 302.6126 94.7691 295.1008
105.5494 299.4291 108.7618 303.9194
105.5983 245.5677 164.3823 246.2107
106.3162 299.4421 112.2453 296.3306
106.4233 281.8712 106.4652 290.627
106.8756 263.1285 106.8475 253.1181
107.9084 281.8775 107.7054 264.3509
109.4411 240.6558 114.3774 230.0446
109.7687 260.5234 113.0277 273.1501
110.3866 305.4979 100.1136 324.7687
110.8596 250.846 100.541 248.4936
113.2007 242.0467 139.7896 230.3147
114.0023 294.0527 121.5401 285.3354
116.6512 299.1596 111.1241 304.9023
116.9434 257.0801 126.98 256.6081
117.9643 319.3619 120.1063 293.0827
120.4968 268.1496 118.5988 258.2742
120.606 284.3741 121.1619 271.8434
121.915 298.1271 120.443 325.6153
123.1168 270.9652 139.388 270.819
124.0458 285.0576 131.2849 280.8578
125.6161 262.2822 151.8809 262.853
125.6308 258.9195 154.3921 259.2871
126.871 285.178 149.3693 284.979
128.125 255.59 150.625 255.6223
133.0125 314.4486 134.3967 293.0456
134.2635 291.2646 121.8069 290.5297
136.9433 312.9993 135.9951 321.9144
137.8246 291.8984 137.3319 311.917
138.1302 275.34 123.1373 275.4203
139.3793 270.5179 150.6613 270.9696
148.0773 274.2755 139.0123 278.6177
150.5584 291.4666 135.5534 290.2796
151.875 260.625 121.875 260.625
152.8177 267.0135 154.4336 270.5986
153.1227 279.3749 151.8073 306.8718
153.3239 269.3777 153.3079 278.1253
156.601 281.8623 155.386 308.1717
158.154 244.3059 136.5156 235.2321
158.7079 274.1296 156.7899 279.3437
161.7789 281.9336 162.6081 265.5988
162.016 309.4423 163.2307 284.3197
162.5788 316.9586 162.3411 311.8533
163.1273 250.2495 110.6277 250.388
166.3534 254.4073 165.8554 265.6352
171.687 245.4065 170.1173 255.7378
180.5889 319.4438 181.5148 303.1046
181.303 301.9013 186.9337 156.9258
185.3831 286.8675 184.2251 324.4089
186.438 245.6162 185.6823 283.1513
189.8254 313.1524 189.2148 323.1913
191.6778 307.2925 199.5117 308.2191
192.1039 245.6296 190.9421 303.1061
193.1041 244.2599 314.382 246.4958
200.6357 246.7046 194.3321 246.3103
200.8157 254.376 200.5392 305.6245
202.4386 318.1242 202.4583 331.8759
202.5107 308.1155 203.1857 264.3759
202.5228 245.9904 200.3146 249.905
203.1525 263.1256 203.4221 250.6045
204.3701 265.1716 225.6347 265.3022
204.3723 249.5163 303.1336 251.4312
204.3749 241.8749 205.6251 240.6251
204.3759 309.2453 228.1333 309.4083
206.027 273.1275 205.8167 306.884
225.4518 306.876 225.2563 273.1271
225.6417 271.0191 205.6006 270.6286
225.6487 256.0025 204.4144 255.4258
226.9255 269.3726 226.8493 306.8749
229.0113 308.1234 229.2623 253.1245
232.1789 253.1243 232.3012 308.1241
234.3682 309.3497 273.1309 309.5645
234.8196 306.8799 234.561 264.3739
234.8667 263.137 234.6882 251.87
236.8661 265.5001 271.8837 265.7776
251.8938 306.8823 251.6855 271.8761
255.3383 271.8515 256.1921 306.9221
271.8921 256.2673 236.8605 255.9449
272.5728 306.8753 272.5859 273.1248
273.131 271.3421 236.8432 270.931
273.8151 261.885 274.6185 306.8707
276.8151 308.1264 275.5154 254.3777
276.8748 312.7875 190.6246 312.7713
278.5449 254.3638 279.9818 308.1422
280.6152 309.7674 300.6411 309.5394
280.6263 265.577 298.1473 266.0535
282.3857 306.858 281.3009 274.3524
298.1273 271.7979 283.123 271.7716
298.1713 256.7076 281.8037 257.0325
299.2202 284.3635 299.4564 306.8741
300.0978 264.415 299.9558 258.1119
302.8675 310.7 300.807 269.3037
304.3799 249.1131 203.1187 247.2116
305.1272 248.0984 307.2931 309.3602
305.627 313.1369 276.8711 313.1827
307.9828 315.6104 308.1981 331.874
310.5324 308.9318 316.9001 308.5837
316.7607 305.6303 314.2822 251.8793
318.1914 312.5954 313.0051 313.0732
319.9998 315.6096 320.2165 324.3851
323.7948 250.1564 331.3093 243.7151
329.3453 248.9012 384.3884 249.7088
333.0791 270.791 331.1691 255.8755
333.1607 254.2416 323.2049 251.5764
335.2714 263.0635 339.4793 324.3678
336.8739 258.1957 383.1321 258.9246
337.108 246.0532 358.2268 234.5621
337.9525 240.3063 350.2353 233.6554
342.3086 277.3007 345.9177 284.2224
345.625 265.625 373.125 265.625
345.6279 261.7171 375.6407 262.2699
345.7992 280.5974 343.1931 264.166
346.8658 287.6769 371.8769 287.964
346.8704 273.5748 374.3736 273.6493
347.3275 314.3595 346.4722 289.346
356.8922 293.1729 348.1106 293.2891
357.2021 241.7103 339.4327 247.0666
362.5375 294.3264 364.738 324.3484
371.8747 264.4167 345.6262 264.2166
371.881 277.7952 346.8739 277.9584
371.9282 293.5447 361.8096 292.8968
372.4328 285.6415 372.656 278.1111
372.856 246.2173 355.524 238.3475
376.9333 269.4545 380.6075 324.5429
380.568 243.2252 360.6282 231.8693
384.3745 253.3079 336.8714 253.1749
385.3903 271.7781 390.1743 321.918
386.4695 256.9048 386.0716 268.1848
391.0351 248.7619 385.0175 257.0063
410.605 305.627 414.1412 341.8978
422.5088 267.1162 419.2984 258.9156
422.5136 247.0135 419.9068 235.5045
424.5827 260.2689 445.8785 272.6903
425.315 293.1635 422.1776 267.9319
426.5383 243.7325 435.3519 248.6177
427.0033 270.3996 431.855 273.1602
428.0699 258.0195 436.0132 253.8679
430.7692 275.3543 442.6449 281.6796
431.1216 286.9305 439.4534 291.7391
432.199 250.0779 423.529 244.9429
437.1765 297.7854 431.0573 291.4098
437.9679 254.4849 450.0596 271.7718
441.1391 292.6685 448.2394 339.547
443.1476 269.3579 433.4852 256.6021
444.7894 276.1544 422.8786 263.5535
446.6859 279.0858 443.7386 293.7508
454.1262 280.7874 451.3904 255.5421
455.6433 253.3448 448.2379 211.8549
457.7033 264.8329 461.601 268.4225
457.8944 291.9508 454.3171 281.072
459.1343 259.4972 456.3475 254.0082
461.4387 265.8307 458.8011 260.2347
462.0493 295.0099 469.981 292.8329
462.8994 252.9749 465.8205 272.9132
463.3358 316.1999 457.4746 292.6644
465.031 304.0025 470.2006 307.502
469.2 284.3777 458.3391 285.9011
470.2455 298.111 474.1761 295.3426
470.3822 270.919 477.3594 266.3676
470.7751 294.436 474.3594 285.6187
471.3517 309.1526 474.6083 338.0988
471.3905 301.7902 472.105 308.238
472.97 272.1207 484.3351 270.3664
474.375 293.125 474.375 294.375
475.1487 279.9907 469.3513 284.3434
475.5894 303.5648 473.9886 307.9851
477.7607 309.2897 479.9539 332.06
478.0037 261.8831 478.0572 254.3834
478.7047 248.2208 474.7772 220.7462
480.4278 249.5293 482.1154 251.6869
480.8181 276.8106 459.3238 280.3105
481.6538 253.1528 482.9128 263.1517
482.6153 293.2805 475.4951 296.5962
482.8135 269.7993 499.1197 281.77
483.12 251.8806 493.7405 261.3376
484.5718 277.7882 494.2039 283.4177
488.5048 299.3221 493.7253 336.7914
491.5528 243.5372 497.8578 248.4668
493.9232 288.9046 498.1703 296.1117
494.2499 285.7577 481.9484 292.9032
494.5072 293.352 489.6862 296.1595
494.9041 261.8323 495.6052 270.5258
497.8518 297.2226 508.4498 305.5522
498.0369 270.6894 503.9464 278.7746
499.3992 253.1222 501.5692 272.0533
503.4608 247.7094 490.254 237.0372
504.9561 279.7884 502.345 283.4593
507.3286 296.5292 494.626 285.3401
508.4268 250.4086 506.6698 237.8051
509.1053 290.6691 502.3448 249.2982
510.4641 245.121 527.7936 239.5872
511.0471 302.2202 508.0125 294.9432
513.2354 269.3564 516.8132 290.6354
514.4127 255.8428 520.2711 254.8294
514.8412 260.5475 513.9984 255.4798
517.2733 309.461 515.7485 294.3625
517.7426 283.1712 515.1748 261.9294
519.4304 254.5363 531.0299 250.5547
523.3931 256.342 539.366 264.3777
525.1207 276.6714 528.327 288.4112
526.8138 304.6132 521.5188 275.4626
528.8056 243.4714 511.2915 250.9383
529.3652 310.5866 540.5253 307.7349
534.3412 250.6459 529.9444 243.5465
534.7526 271.3048 516.2475 259.0479
535.6049 271.6163 545.738 270.8282
536.1339 245.0903 543.1899 251.8068
538.2642 274.0591 530.3805 275.2334
542.011 312.3054 520.1759 319.2036
542.8533 274.7349 554.2275 283.3205
543.3043 251.6423 552.449 261.2672
546.6857 311.5246 556.1945 317.8914
546.7276 294.551 554.8283 301.3336
549.9537 286.9373 550.8839 296.9669
550.2495 243.2856 555.0894 254.604
552.2209 285.1857 545.3254 279.7554
555.3506 319.2315 562.9844 324.5759
556.6948 242.6388 561.3173 252.8104
556.7266 286.9153 553.941 276.6535
557.5541 297.9709 554.9423 286.4626
561.912 255.3846 566.8611 281.8776
563.22 278.3225 561.0725 265.7622
563.7658 312.2332 566.9139 317.5871
563.8406 251.148 561.1837 254.7833
564.0797 292.2174 570.1366 297.4413
570.4341 303.1622 576.3022 333.2368
571.6639 254.5675 582.3719 266.3116
573.26 277.3037 568.9067 256.7097
575.6158 311.8755 574.6797 294.2922
576.3183 267.7914 581.6345 271.021
577.1397 255.4556 552.9088 233.3622
578.7015 298.1344 585.6254 294.3757
579.8284 287.913 574.8403 277.2418
582.7791 269.0643 583.9154 276.9413
583.2153 307.1864 593.9279 304.0821
583.6842 277.9428 586.6211 286.9577
587.497 263.6413 577.3628 255.0496
590.4243 275.7182 596.309 288.3879
593.2802 298.6167 576.3491 303.9579
593.8903 294.8292 600.5546 301.941
594.4896 256.7668 604.197 267.0432
596.1143 275.0435 586.6808 267.1058
597.227 314.8061 600.5368 321.2811
597.6563 285.809 596.3049 273.186
598.769 288.6955 604.2744 294.5429
599.3228 264.4247 562.7355 225.9958
599.9968 253.6027 607.7477 259.8435
601.3982 273.2996 599.7263 280.7043
601.6053 302.1632 607.1703 307.8353
603.1085 310.7232 610.6068 311.9835
603.2438 246.0377 594.1666 248.6513
603.4584 284.0173 628.1049 306.9877
604.0057 268.23 606.2599 276.1555
604.8268 311.2645 608.1779 320.606
605.7564 244.2605 631.8624 274.225
605.8953 294.172 604.6022 300.4131
606.9059 276.6358 609.1047 288.4089
610.1883 305.871 608.8027 310.4519
610.7162 296.9286 607.5703 302.2835
610.8062 265.3869 618.7574 271.4367
612.5889 296.1715 603.7556 287.5064
613.8536 258.5775 605.1442 248.5423
614.1409 291.9172 610.9711 274.3127
614.3497 274.3981 596.4215 254.7897
614.4353 306.8644 616.4233 318.2042
615.625 299.375 616.875 299.375
618.12 280.626 621.774 299.3947
621.2842 281.2556 615.197 274.7772
622.5839 309.1692 630.9611 338.0274
623.301 274.5033 624.1845 281.8978
624.5495 270.4634 615.5237 260.7188
628.2184 311.7864 616.6869 299.6187
631.813 275.7286 624.4023 276.1292
10.4284 323.3664 15.5767 300.9004
17.0157 391.6842 15.8997 398.1722
19.9441 329.6272 15.6247 339.3749
21.1216 320.4606 19.9099 326.0144
21.3369 326.1777 16.2103 330.1335
22.3234 390.1382 29.9332 386.626
29.3625 369.3669 33.3186 363.2502
30.6132 386.5166 39.3782 386.6322
32.3306 331.6546 29.7471 311.6653
35.4452 389.14 25.5168 396.7335
35.4853 380.7718 48.0996 379.1747
37.227 366.3039 31.4646 375.364
38.8523 333.0858 37.9128 345.6091
41.1507 374.2641 53.3581 368.6301
41.9985 384.7224 35.6954 383.8601
48.6449 341.2875 53.4489 346.5811
49.3492 331.2652 57.1208 346.7517
53.8014 392.6337 62.977 399.5707
57.389 339.4935 55.5284 327.9393
58.5283 364.2238 54.3049 370.5784
60.305 370.2768 53.1256 376.8757
60.5436 345.4956 61.9414 358.1176
61.1837 394.9088 53.4898 388.9073
61.2996 366.6533 62.9044 371.5367
63.6348 398.2035 65.2213 413.1678
63.6858 386.8516 63.4294 394.3853
64.5724 335.6324 64.9477 325.5997
66.2432 375.5571 65.1577 365.6763
71.8723 359.3748 68.5295 409.402
72.8948 336.8731 72.9111 345.6277
74.8372 321.8266 73.9096 336.9232
75.8627 346.7818 94.3924 145.5115
76.9115 353.3493 84.6144 352.0945
78.8378 363.0874 75.8537 405.7285
80.4345 385.6147 81.0445 374.3301
83.338 386.8731 83.4477 399.3722
88.0802 381.8697 89.875 366.7858
91.2041 335.405 99.1891 321.2242
91.8408 320.8799 85.3961 329.1977
92.3675 390.2028 97.2736 381.4005
93.0767 361.7756 92.4912 369.4222
93.1516 353.4974 104.4333 352.6928
93.367 340.6591 91.9606 350.6371
94.8558 389.7688 82.6865 418.4691
98.0496 379.309 108.0185 369.2692
98.4831 328.2818 95.7845 334.4448
100.5583 326.6318 116.9022 327.7151
101.7339 378.7376 96.6064 389.9292
102.0694 357.5608 90.9317 358.6793
103.0845 366.5985 105.7113 366.2135
103.7666 355.3544 106.0048 360.6602
106.8557 336.2283 113.1393 336.4297
107.2504 348.6005 113.5324 343.6411
107.6717 385.6828 108.5797 373.158
108.1208 353.2132 120.6285 353.2528
108.7044 368.8771 111.9859 364.4573
109.2966 349.7592 118.0876 348.9627
111.8498 371.3306 156.8111 369.247
112.0753 380.5834 111.5773 393.1627
113.1357 340.0309 104.3473 340.1741
113.1441 329.9489 104.3622 330.2406
118.1704 356.551 106.8863 357.1045
120.624 327.4838 130.6261 327.5009
121.7891 364.8944 125.6405 365.5313
123.1183 353.0677 179.3781 353.2212
127.3018 387.6345 121.8163 396.84
128.6219 343.6465 140.1672 332.6446
129.9021 394.4352 130.9214 385.516
130.3553 332.8449 121.4425 341.4258
133.0558 321.9498 132.6946 315.5785
136.8702 327.5656 148.1301 327.4684
141.8711 330.259 120.6215 330.165
142.1073 334.7597 138.2532 337.0873
147.8679 346.942 135.6723 349.5926
152.5181 393.1719 153.5289 379.3133
153.1177 327.5301 161.8817 327.4224
154.3584 323.0251 156.7914 322.6213
154.3819 377.4771 113.123 377.9485
156.8747 357.03 119.3723 356.9538
157.246 364.4288 158.1603 358.1301
157.2918 371.868 157.2071 381.8778
157.5241 394.4339 155.5869 456.9126
159.381 329.4239 141.6867 331.5775
161.2748 343.1486 160.8284 331.769
164.4074 345.3343 176.8916 346.7261
172.8903 330.4326 181.9211 319.4128
178.1286 357.6751 160.6197 357.5338
178.5506 399.3915 178.9893 388.11
179.4897 374.3941 179.6827 360.6118
179.6459 351.8949 181.5782 325.6032
183.6979 329.8561 191.5152 335.6802
184.806 334.2942 184.049 341.9662
185.6249 342.1352 321.8748 342.2062
187.7048 350.518 189.1524 361.7425
189.5342 322.9358 188.2345 330.4272
190.3243 364.096 198.5809 366.6526
190.6179 334.9713 305.6306 335.4134
192.1376 369.5167 191.5574 375.7123
193.3675 399.0595 184.3096 399.6991
197.0857 379.6398 190.2141 385.1088
199.0885 383.0667 199.7005 393.1809
199.4741 345.0791 189.6682 346.4588
200.6306 364.3756 202.0823 350.5158
201.4018 393.5657 192.3158 398.8788
201.6422 350.6736 200.3389 344.4348
201.8726 392.9485 218.1366 392.7267
201.8826 381.0468 214.3785 380.823
214.3819 338.8916 200.6169 338.6958
218.129 394.9911 203.1217 394.8958
218.1758 365.0215 204.51 366.0944
220.6247 352.884 223.1247 352.8814
220.9723 376.9803 200.6412 378.3632
222.0423 380.6192 222.4337 391.9421
222.6785 394.3722 222.8023 429.3806
224.3756 353.1912 259.3729 352.8822
227.6078 372.8573 223.8808 380.3802
229.386 371.4977 243.1243 371.8973
229.3987 380.3582 274.3725 379.2729
252.067 388.1281 251.8284 403.1243
254.3698 371.2538 274.3788 371.4187
268.125 353.125 285.625 353.125
268.1262 338.8796 218.1234 338.7552
270.6454 385.005 230.6095 385.4383
274.3873 374.9314 228.0771 375.9529
275.8724 379.399 277.8172 460.6623
286.8799 338.9299 271.868 338.7642
306.1454 331.905 305.4767 315.6311
307.1589 397.4677 283.0385 399.6822
308.143 334.1316 323.1534 335.2419
308.5626 344.3943 308.0586 355.788
310.1007 366.1282 305.8966 370.866
311.8063 361.1396 319.3572 360.4346
312.778 379.4071 317.8856 375.81
314.8563 392.1453 307.0123 398.2999
316.9716 379.3887 315.1844 391.9898
318.2253 363.7038 311.9471 364.7915
320.6044 345.4691 309.3584 345.2575
321.2953 360.6553 324.8197 428.1671
321.8858 352.8419 419.3736 351.7507
324.5451 335.6001 324.3144 345.5948
335.6193 327.7622 388.1256 327.9024
335.902 346.8881 336.5512 333.1097
336.6625 323.1369 333.7884 271.8378
340.623 346.2 356.8771 346.2554
343.3505 397.2225 346.5213 406.571
343.4462 396.8731 343.3558 381.8736
344.1387 378.1673 342.2489 367.6105
345.6008 369.6359 391.9454 368.5007
346.6191 379.3192 347.5361 395.6581
346.8705 398.0689 356.9062 397.2646
349.3958 342.803 340.6018 342.2337
358.1228 346.1957 393.1271 346.33
360.7218 324.3684 358.6621 294.3382
362.3514 388.1534 362.7222 381.9254
366.965 378.0629 367.8956 398.1357
371.886 338.3565 389.4058 337.5235
373.0636 396.9003 383.1606 397.3863
376.3145 323.1719 373.581 290.4823
383.1499 375.3765 345.613 375.7914
385.8296 397.0231 384.5289 376.8651
390.3297 370.6475 396.6036 453.1456
390.6264 330.7652 339.3749 330.7004
390.6292 340.7704 355.6227 341.7952
391.401 332.954 393.9392 344.471
393.128 355.9055 321.8729 356.6769
393.1903 322.4382 389.763 328.3499
394.6478 329.4262 393.9254 333.2752
395.6242 346.014 418.1241 346.0598
402.3619 359.2729 403.7226 365.7618
411.9327 361.9649 404.6649 366.6288
415.9988 373.0756 418.479 391.8282
417.8706 351.3268 462.1472 367.3738
418.4109 346.0465 429.6202 349.9144
421.7471 376.9382 413.3218 359.8957
424.4231 356.9677 396.8149 355.8207
426.0039 386.4217 432.2997 384.5648
429.286 396.9097 426.8429 390.6375
429.3294 329.5295 425.5844 298.1298
430.5332 332.3681 436.6938 337.1104
430.6837 373.5724 457.2752 381.1192
431.3989 349.4342 429.8488 336.9716
431.9759 382.1833 428.6798 369.8968
432.92 394.3511 433.9576 385.431
433.125 383.125 433.125 384.375
434.2807 331.8855 428.5664 280.5758
435.4325 352.3936 456.9636 360.3864
437.9327 337.4357 455.5088 343.4639
441.1164 333.2078 438.6449 310.5682
443.3376 336.435 434.7755 332.2964
444.0648 386.5136 433.9843 382.994
445.3901 389.4015 446.9373 403.118
452.1914 346.1112 431.5852 337.5744
453.0825 355.7409 435.6364 349.344
453.5426 382.2058 461.5794 463.1544
453.5518 349.2754 455.6185 358.1265
458.4738 360.6631 457.6239 340.5933
460.926 371.0035 422.8349 357.8461
461.5227 367.0951 466.8177 368.3641
463.1156 389.4959 464.1283 379.1072
463.4301 380.5818 461.8453 369.3792
463.8243 396.747 466.8416 395.5413
465.3428 365.9179 460.2273 360.9902
465.7392 394.768 463.674 388.8002
466.0273 335.9407 463.1569 316.8702
468.0863 392.9242 477.2198 391.1623
469.3609 352.0402 467.8524 340.4973
470.4187 399.5193 467.2496 394.9871
478.3505 351.2157 483.964 349.0728
479.8573 337.8947 483.4704 345.4601
480.5516 392.9903 471.7048 397.8128
483.6627 393.2097 486.4815 416.9218
489.0524 389.5793 482.7431 388.8267
490.0981 334.4415 486.0049 301.9847
491.0989 366.0628 464.4897 373.5337
493.4592 337.4481 502.988 342.1525
495.9094 366.0902 514.0845 372.6768
500.0566 394.1236 502.3852 400.4368
500.4701 380.791 489.3735 389.373
505.2836 340.6874 502.5104 325.5089
508.2547 389.6369 502.748 392.3638
508.4192 352.8271 514.7081 359.0378
509.7946 320.4865 510.8498 333.21
510.4209 331.5379 512.3278 351.5943
510.656 352.709 515.6955 352.5218
512.2451 368.4774 499.7997 363.3451
512.7413 380.3371 525.2464 385.3243
513.0983 385.6501 509.4728 381.7833
515.6992 366.0505 517.7333 372.4008
516.2745 390.6986 521.806 387.9843
517.9371 373.8202 500.339 379.7805
518.2811 387.1691 513.2122 386.3411
518.5927 349.2938 512.4723 314.0542
519.7979 320.5296 522.0662 330.5818
523.6353 338.0445 527.4133 361.9873
524.4209 328.2029 530.6992 324.5008
527.2581 378.2805 522.975 354.4019
527.4892 383.1992 533.4499 379.9758
529.2792 380.8272 520.1983 376.5258
529.4163 335.6196 532.7201 360.6784
529.9289 360.7318 525.1033 329.2633
530.5168 388.7103 550.7935 385.4105
530.6481 373.0759 539.2565 377.1267
531.7639 325.0899 542.7973 322.7977
533.6846 397.6937 524.8747 390.2648
536.8617 339.3771 540.0392 359.0661
537.955 374.4034 532.2964 340.5545
543.5556 350.6726 541.8882 365.7646
543.8374 334.2809 528.5654 327.1781
544.8118 350.3801 547.0098 354.2994
546.7177 351.5822 551.9863 352.4482
547.1316 381.7566 534.4341 384.6358
552.0239 332.079 545.5641 336.7916
552.0253 388.8281 531.8774 393.136
554.4982 331.6475 561.8679 335.6381
554.6254 386.2549 580.2344 396.5927
555.7924 381.8118 548.2554 380.8514
558.1265 337.4378 553.1232 337.4511
558.437 345.5235 561.131 353.8036
562.0852 384.6462 566.4193 381.287
562.8571 380.9513 560.1378 378.7184
563.4397 326.4464 556.0645 329.2721
563.5139 356.5132 567.4606 347.1211
566.6371 356.1217 576.1893 360.697
566.8256 343.1337 564.6156 330.5826
569.6018 330.5693 572.7079 343.2274
570.0112 356.5009 574.473 353.26
571.5993 329.4258 566.9373 304.1331
573.7927 343.6844 578.6904 348.7827
577.8638 398.3263 562.5995 404.8263
579.6379 392.4799 556.4113 383.0127
581.8154 359.3749 581.8048 368.1264
581.9559 342.1087 575.9492 312.0601
583.2421 385.6884 579.0097 393.4998
585.3316 368.0549 586.0119 353.0858
585.6783 351.845 580.4344 342.5287
589.1315 334.4208 587.0029 323.101
595.6652 320.569 582.4499 311.0748
595.6775 363.3282 604.1833 361.1324
598.6402 375.521 601.9399 391.8619
599.6959 391.8101 596.39 375.4702
602.3234 335.0968 609.7656 341.415
602.9487 353.9342 588.5092 359.7108
603.1166 364.4039 613.0115 367.2672
607.5801 323.2896 611.1125 334.9829
609.9694 338.7963 614.6334 334.6668
610.5303 355.8394 618.192 359.2234
612.7387 322.1324 617.926 320.1136
613.3411 366.8534 619.7368 374.2269
613.779 369.8015 608.4901 373.6294
614.2582 346.1397 620.7416 347.6116
615.0894 327.4452 621.7746 334.4706
616.4656 388.0076 615.0722 378.0276
618.6796 374.6848 620.952 379.7861
619.1309 362.202 611.8123 364.1379
620.8066 323.1006 618.9445 309.2647
621.9891 326.9652 621.5867 321.8979
621.9961 385.6295 621.7159 393.1656
622.6512 347.9019 621.3168 358.2145
623.9905 335.4247 622.2792 328.0314
624.4962 361.8523 626.3922 371.9655
626.7633 373.5681 630.8818 374.6062
629.8574 351.1068 624.7134 342.9126
630.6589 339.3682 638.433 378.0631
634.6812 384.7224 630.5168 403.3799
636.0789 354.2807 627.4985 312.9954
0.39504 422.5196 6.7305 424.7799
1.3029 478.1612 1.9059 466.8766
1.9053 414.4844 3.9388 390.6946
2.2983 422.204 1.5516 414.6542
5.0996 407.5657 11.5387 401.517
6.5599 454.3334 4.8946 466.9436
15.5126 406.6628 6.0941 411.6505
28.4027 463.1474 27.1865 478.2507
36.2294 478.1559 36.9338 464.378
58.8494 463.1973 57.3551 478.1729
61.3804 421.9221 60.0553 443.1674
66.9257 422.174 74.6281 420.8686
66.9571 428.2317 63.8577 466.9337
68.3394 458.1453 70.7063 433.1327
69.762 415.3362 68.1316 420.209
71.7539 410.6162 75.2042 363.0945
72.9879 454.9364 79.4784 453.6444
74.9189 466.8018 73.9951 475.7152
75.253 414.352 74.9452 419.333
76.3918 438.0887 75.5372 449.4623
77.9395 423.093 80.1396 410.3259
79.9292 459.3329 78.9418 475.6743
80.3054 405.6266 80.2607 396.8705
80.7721 421.8526 81.5719 427.1112
80.9835 439.3574 80.6623 455.6504
82.6737 431.7398 80.5447 438.8495
86.2137 400.704 88.4215 384.2471
91.6023 415.1308 105.3154 407.564
93.7148 421.6343 86.8777 425.6296
98.012 436.9033 100.2953 446.0206
102.6816 470.6879 103.8671 455.4879
104.1314 453.1869 104.6001 445.562
104.7511 444.4466 105.7477 421.8253
105.8498 420.6456 106.3386 385.6524
110.015 418.0937 108.5987 445.6494
110.0957 447.9384 115.351 433.0284
110.6209 467.6422 125.6305 467.5134
111.729 449.3452 108.1018 467.1253
113.7744 409.1133 110.1716 417.3829
119.3752 438.1253 127.5539 433.3889
120.557 431.2164 114.5538 443.2144
127.0144 461.9973 127.798 453.0962
129.3622 415.701 129.8308 408.0762
131.8511 439.3743 131.1476 461.8913
131.8675 467.7516 150.61 467.3769
132.559 424.4181 131.7694 436.9471
133.1227 477.8369 151.8814 477.6883
133.9473 421.1369 140.7951 417.1684
137.0709 438.9913 133.2345 439.859
141.8569 413.8482 135.5795 413.6908
146.9183 425.6115 148.8103 431.6606
149.1823 410.3303 152.9544 407.8641
149.8453 465.6514 151.6749 433.0436
150.6313 405.9995 134.3649 406.2715
151.8766 470.7796 103.1189 471.2941
151.8799 420.7245 152.6753 410.6884
154.0798 456.7262 152.7453 470.5884
166.8066 425.9202 175.601 425.2901
175.0935 475.6905 176.8099 456.8691
175.9662 401.51 168.0686 402.7721
176.1243 455.8149 177.6431 441.8227
177.1049 439.4031 177.8182 401.8692
180.3421 444.1386 183.2187 455.9076
181.8398 408.035 182.4131 415.7704
183.554 460.3561 181.833 465.6112
183.939 420.6032 182.9327 440.7403
185.6236 404.7329 218.1281 404.8631
195.4564 424.364 194.8827 433.1581
195.4854 460.6513 195.5724 469.388
196.0882 444.2007 195.3358 452.9933
198.125 416.875 218.125 416.875
199.4326 438.6051 208.2063 437.5529
201.2667 463.4377 204.9403 455.9005
205.5227 431.3962 215.8524 429.1891
208.028 441.8498 216.9167 441.1737
208.3901 478.1238 208.2711 450.6244
211.1981 455.6261 211.1548 478.126
211.876 476.9704 226.8744 476.8138
215.6333 431.9091 195.6055 436.7951
217.9235 430.7553 219.3578 419.2175
218.123 419.6511 186.8657 419.4292
218.8616 439.375 218.862 430.625
220.6261 407.0698 184.3702 407.2754
222.882 433.123 222.65 460.6315
226.8876 468.6236 213.1148 468.9703
227.6975 456.8787 227.4683 430.6198
227.8233 428.1266 227.9038 379.3746
229.0421 478.1372 228.3549 459.3666
229.3844 460.145 248.1165 460.0576
229.3974 406.4777 270.6518 405.3928
230.6443 412.5322 246.8803 412.0565
235.4745 441.652 244.1341 440.7672
237.3981 429.4441 236.2406 438.2063
244.3802 419.8904 231.8688 420.018
244.4184 451.7988 235.6488 451.956
246.8626 465.2111 230.6271 465.6964
247.0057 460.6289 246.9382 419.377
248.1234 416.1473 230.6235 416.0927
249.4745 403.1222 249.0569 388.0991
249.8653 476.886 250.0893 466.863
251.8222 463.128 252.5222 475.6587
253.0874 419.2864 254.5301 459.3694
255.5063 462.9561 262.2906 458.1878
261.8765 409.4705 230.6145 409.9665
264.4309 458.147 271.9164 457.8179
266.4266 478.2377 265.2542 460.5667
269.5025 419.4899 252.9003 417.6247
270.5618 472.0585 291.9356 473.0002
270.6243 414.1735 271.8348 421.6799
272.6991 403.1348 272.2975 385.644
273.5087 456.8947 272.6824 420.6636
281.0235 454.3853 280.4183 404.3775
281.8853 401.8747 283.669 459.3969
284.3728 440.1629 296.8725 440.1025
285.6155 403.935 305.6274 404.1698
289.3769 428.1378 301.9733 426.2976
289.385 464.0303 269.3736 464.2525
291.465 463.0735 290.6136 469.8451
291.8672 415.3706 309.3759 415.5082
295.7056 431.2209 284.3204 429.8181
298.1215 442.4228 285.6218 442.4859
303.3376 424.0075 305.7526 425.4044
305.5836 440.1186 315.7202 439.2899
305.6273 405.7247 285.6092 406.1804
305.6434 474.4873 315.781 472.8286
306.8269 427.2617 314.3731 426.8416
308.1256 418.1799 284.3648 418.4393
310.6004 415.0979 319.3896 414.6882
317.3401 440.7737 319.5004 434.0155
317.8672 478.1361 316.5663 448.0303
318.1306 405.8551 309.3552 406.071
320.5497 436.8857 320.8834 478.1431
321.3989 414.4078 320.8789 406.8575
322.2669 428.2291 321.1669 419.1577
330.9527 441.8779 330.755 464.3761
332.8646 421.9203 331.3123 413.0053
333.672 405.6635 334.4271 419.4406
336.1872 429.7152 343.516 431.6229
336.3781 431.8029 335.2607 439.5035
339.6357 418.6344 336.859 426.8696
340.1102 441.8161 340.9141 451.8518
346.289 421.9236 345.1483 408.1645
347.9723 454.381 347.1451 433.1145
348.4771 406.3354 354.5767 410.3159
348.6014 413.0818 348.8216 421.8888
349.5929 431.8705 349.8251 443.1157
349.9973 464.2066 347.9362 456.5879
350.6107 413.2759 361.761 414.3307
354.0626 454.1985 363.4514 445.9988
358.1819 474.2091 344.3388 474.9354
361.2804 445.0575 351.2616 436.329
364.4212 402.4744 351.8992 403.4394
365.56 436.9392 356.8607 428.1392
365.5769 464.862 346.8226 466.0432
365.9612 427.1296 367.2917 418.84
366.3211 418.223 364.53 408.0976
367.3826 433.1391 367.2405 425.6656
367.4835 441.8907 367.2986 434.3646
371.8085 453.1293 371.0724 441.8458
372.0982 418.1917 377.2132 408.3502
376.9355 408.5363 385.3684 401.8843
379.3174 464.4159 368.0929 464.9501
389.3865 441.8734 387.3773 427.8735
391.9034 463.7288 379.3723 464.317
393.1233 473.0576 385.5968 473.2454
397.6661 454.454 398.1277 464.4327
400.8709 439.3309 402.4687 448.2427
402.217 431.7267 401.1575 438.212
413.1309 429.3471 402.1118 427.0089
416.9622 438.4092 425.7534 439.2033
420.8041 418.1022 422.2547 429.4859
430.5902 436.4122 434.0656 426.7635
434.0413 418.2176 432.7139 395.5029
435.6195 426.4523 440.6349 426.3874
436.0435 424.8877 431.3156 417.2199
437.0094 441.9498 437.2113 438.2107
437.9066 438.1476 436.9708 429.1064
438.8884 454.3541 438.9761 441.8547
441.9559 423.1155 445.0496 449.4426
442.0384 468.1001 439.5662 451.8459
442.4814 403.1971 440.6539 386.8718
448.1346 414.374 449.7097 429.3398
448.5798 455.5613 446.4706 440.5065
450.5971 464.5869 443.063 463.5959
455.6279 463.1247 448.0908 388.1284
461.8715 465.4532 453.0994 465.6343
464.2966 424.3508 462.316 430.7613
465.2237 460.3344 466.7665 464.8402
466.7099 400.6383 468.2209 419.3672
470.1637 450.5593 471.4096 441.8087
471.4717 464.4025 470.6181 451.8755
471.8009 419.5124 469.8232 400.4488
472.6475 453.0083 474.5493 465.5987
473.562 434.4752 472.0067 421.8588
474.0328 422.3255 485.5868 420.3964
475.8159 454.3768 475.8632 449.3773
478.0992 470.6248 478.2304 453.1071
483.1143 453.1263 484.6556 465.5903
486.1186 430.467 473.9621 435.9616
486.3062 417.8841 488.1558 423.1141
488.2984 431.8715 488.6027 446.8907
489.6575 403.078 487.8016 391.9288
490.1657 420.05 492.2197 422.8743
490.4324 410.6457 491.376 419.4286
493.1578 425.8894 500.6968 424.9529
495.5851 431.5814 506.7982 430.0594
500.4229 413.1375 499.6468 400.6082
501.9741 400.9986 504.0476 407.387
503.3123 410.6027 504.9456 424.307
505.1551 444.429 504.146 435.6513
505.8465 452.042 504.7938 445.557
507.6673 448.3337 515.0161 453.9253
508.0189 468.3711 506.5598 452.9187
508.7022 405.0085 515.1511 411.046
511.4709 425.8506 516.6509 423.8071
512.9905 404.4764 513.4617 399.292
514.7603 407.9672 513.4453 404.7557
516.1064 446.8333 514.8083 431.8375
516.5455 418.3048 521.0848 426.6241
519.2969 434.386 522.6331 458.1939
521.7813 400.6508 525.2497 413.2285
521.8491 429.6293 536.8715 429.2384
522.3005 459.3136 525.0289 478.2111
527.9016 478.313 521.9759 431.8621
528.5297 442.7341 530.472 450.9564
535.3624 405.5789 536.4631 399.3028
536.8644 412.1208 538.9142 401.7836
536.8845 422.5186 519.3787 422.6058
538.1329 429.3785 541.041 422.7586
538.8683 420.7379 538.303 411.9439
539.5361 400.2268 557.8666 396.7589
540.4533 412.4906 554.1813 416.3195
541.6237 418.8267 536.4431 426.1998
550.0067 465.7208 548.2466 454.3562
550.8065 419.9174 541.6942 417.5801
552.8932 418.6776 558.4828 421.0219
553.296 422.6257 558.5374 424.4207
555.5099 443.9499 562.2791 442.1183
556.6322 449.3378 561.9158 448.3412
556.637 406.764 540.5467 405.1606
558.1519 404.3799 556.7719 411.856
561.1956 403.1865 560.5294 409.3647
564.1133 419.0463 578.1511 423.0333
565.4723 429.3982 563.9302 419.2526
566.4705 442.0086 565.6519 431.8728
567.4082 409.7588 562.1453 417.0695
575.7185 408.7959 568.1906 409.8454
576.0767 422.9183 578.4012 427.9987
577.1431 440.5883 578.6989 451.9674
580.5278 422.1293 577.8925 408.1689
582.848 404.9413 593.3843 410.0948
583.5693 453.0411 584.2964 456.8898
587.1949 401.9812 577.7827 399.349
587.6779 440.6821 589.2679 453.1387
589.3409 429.415 583.9769 424.842
589.4656 453.2416 590.1003 459.5535
590.3946 460.6542 592.6364 478.3453
593.6513 404.5322 588.2418 379.6211
596.5018 478.3748 590.5024 439.3939
603.3868 445.5907 607.6523 478.1869
611.0378 478.4368 606.7003 449.4011
611.7558 451.5315 613.7051 457.9488
615.0868 457.0306 621.3355 478.6424
621.6414 441.9119 620.6492 435.6212
625.076 478.2297 620.2545 452.9572
627.1078 456.5497 631.9008 478.3936
627.9317 418.0222 623.7191 425.941
634.3804 449.3286 624.3696 448.1715
636.1386 478.5091 631.4412 454.2172
