0.41716 22.6751 49.1595 0.15858
54.3886 0.65462 0.54451 25.4502
126.6459 78.147 143.7827 74.95
140.5183 73.8103 146.781 72.6275
145.6407 78.259 156.8828 76.9418
146.988 72.3251 158.4567 69.4466
158.139 76.9881 198.1447 72.0341
160.421 69.2314 173.0171 67.3876
173.1732 67.5246 188.2756 66.4036
182.0093 76.8285 124.2519 83.2719
188.9998 66.1014 208.2012 70.2744
193.3878 77.4128 183.0706 76.0308
205.6091 73.9985 193.1314 74.5259
208.1365 68.7145 225.4584 105.1094
493.4632 1.2039 327.9779 97.8732
0.67607 149.2617 39.4414 166.7276
56.2603 146.2655 119.1097 82.8727
64.3723 141.8465 118.1214 136.8359
104.4707 146.8482 104.7446 160.5927
106.8923 144.8442 115.6304 144.5224
107.4689 146.6575 108.3586 154.2
110.5676 140.1469 86.7113 143.0115
116.2465 145.016 126.0131 141.8059
119.3723 134.3323 108.0883 135.0411
125.6169 149.2961 110.5192 150.842
125.625 159.375 129.375 159.375
126.9942 122.8429 161.9261 118.5401
127.0733 129.3656 127.4347 136.9672
127.9281 136.8705 127.9924 151.8809
129.4839 131.7266 158.2004 128.8872
131.5439 158.1685 132.4297 139.4604
134.4194 138.5264 156.9205 136.0361
139.2836 159.6538 210.7241 152.9272
144.1228 141.6266 134.2063 142.5366
150.9058 144.0406 152.2658 150.2666
156.9023 133.3888 134.385 135.7218
156.9436 140.3175 148.1492 140.9577
158.9731 129.3558 158.4335 140.6398
160.9083 143.1395 160.802 154.3767
163.1488 139.6189 180.7255 137.9059
163.2925 123.191 128.0678 127.6756
163.4013 154.3837 163.7968 141.8568
163.5247 118.7086 169.2086 126.9892
175.5779 131.4754 196.8273 128.9707
180.703 143.8978 165.4796 145.434
199.2896 128.4289 234.3426 125.266
201.1551 149.4505 200.6067 153.3005
207.0902 132.2563 198.2625 130.0697
211.8599 152.9923 239.4299 149.8575
225.3048 99.3134 235.884 102.1639
226.8652 123.0388 171.8653 129.2895
226.9436 155.0868 38.1399 173.2796
233.4623 153.6172 219.4427 163.2238
235.6734 127.1318 221.9397 129.7187
237.234 102.199 262.5814 112.027
238.6219 96.6528 237.0647 101.931
243.0195 121.2706 249.5048 122.3306
244.3812 149.3158 254.2725 150.3528
245.8953 157.3261 325.6458 184.3134
246.8273 159.8292 231.881 160.7245
248.3078 153.4493 231.7011 155.3781
250.4343 118.7019 260.5669 122.0509
252.2516 150.524 292.7941 165.2839
254.2174 122.1978 249.1513 123.0589
254.9741 131.5582 267.8036 123.3215
259.5437 137.9672 252.9254 130.8924
262.1139 117.7874 271.7246 124.5875
262.4485 111.1327 278.4465 117.2896
263.1428 148.1167 258.8555 138.9529
268.4425 129.3587 269.793 155.6035
271.6216 133.7798 285.2631 139.06
273.0001 123.4789 277.5116 125.0709
276.9922 124.385 293.2034 131.7012
278.7157 117.844 286.7517 120.9445
282.4743 148.2462 274.0349 143.7655
283.7447 145.5658 285.0691 159.4281
285.4504 136.0673 271.8462 130.6979
287.9085 121.1202 296.04 124.6759
288.2419 132.8205 270.4798 126.0033
294.2572 145.4258 304.4046 139.425
295.9319 125.8119 314.5717 131.1935
298.5042 110.5768 321.1193 103.4417
304.406 138.3213 313.3283 136.9116
306.86 143.1262 308.9493 169.4088
307.6972 141.1957 298.2821 147.1245
311.6507 148.7822 322.873 152.6131
312.5163 138.1364 320.9478 142.5016
313.3785 111.6474 318.0958 116.9013
315.9283 115.5856 316.5884 120.6623
316.1739 124.0638 348.7531 181.5189
317.6115 102.9234 325.8221 97.1556
319.8287 155.536 309.7188 152.1103
320.1566 123.081 321.0989 113.0521
321.863 149.4075 309.2343 144.757
322.9901 141.9616 315.3238 130.0161
324.2394 146.0181 309.2933 140.8618
324.7499 107.5552 329.6853 110.803
326.6285 157.0242 335.6216 171.8771
326.9459 95.7467 346.7735 84.2007
327.2763 99.5979 323.739 105.9661
330.52 110.5505 324.4696 119.0789
330.6662 121.7853 335.7426 124.1193
335.4147 125.4439 339.445 124.8517
339.6496 126.2166 353.5825 132.0281
340.3795 137.932 348.0467 139.7124
342.4138 140.9956 350.6751 156.8489
347.2615 83.7868 489.4508 0.75488
348.2042 140.4477 372.1956 151.1568
354.1909 131.9399 361.3245 130.8315
355.271 137.7374 345.3954 133.6843
359.5596 155.4132 357.935 163.5843
360.7726 130.6933 373.2561 129.2962
362.5832 159.2497 367.7057 188.1992
369.5599 144.0234 360.595 139.309
371.3271 157.4875 377.9044 163.3716
372.2286 154.1124 364.3909 156.9193
373.2995 140.2899 388.172 148.0347
373.8568 128.3247 376.8586 136.1131
385.1219 155.249 391.0394 158.655
390.1796 146.2744 392.2726 149.0782
390.66 153.0256 379.475 149.0907
392.6215 148.8596 409.9569 153.2582
406.4452 156.3456 412.6586 151.3006
409.2564 157.826 418.9591 153.9784
419.2786 153.5512 432.0426 152.0578
432.1258 151.6256 439.0045 158.4942
436.8771 156.8724 443.0673 161.9454
0.37468 165.1767 30.5548 174.5997
0.63915 176.8292 29.3502 185.7053
29.4692 190.3141 0.36279 181.4899
30.5278 177.1888 0.68052 167.9457
31.7122 165.9855 0.59694 151.9371
34.3724 169.3432 99.4424 163.9366
38.2036 177.574 46.9831 176.5861
38.9685 221.6954 36.2312 246.9407
40.5227 233.5474 58.2159 231.3604
41.068 235.6726 41.6596 245.7114
41.6415 189.6538 39.8156 220.8701
43.0279 180.7314 46.3202 183.7335
44.6919 160.6388 45.1819 149.3558
45.6096 192.9843 70.5849 190.2578
47.9 184.1725 41.9326 190.8016
54.3719 236.7598 43.0962 237.0669
56.0029 229.3073 58.4224 198.1481
57.9909 183.5039 48.0582 182.6863
58.1689 196.5807 45.6379 197.1559
59.3733 231.8515 84.4233 230.0458
61.8389 237.6978 78.1835 236.3175
61.8903 177.1161 46.8715 178.0695
63.0155 184.7527 70.6026 186.9521
63.9007 229.3811 63.9951 198.1239
65.8015 197.5985 82.0335 196.1467
68.0373 208.5333 79.4242 207.3473
69.4888 188.9528 58.0582 185.8729
71.9373 186.7818 75.6836 189.2874
74.0536 213.0947 72.5262 229.3186
75.6149 183.1547 84.2175 186.087
76.8671 189.7143 80.6294 189.7331
80.5612 187.0381 68.0238 182.1336
80.7047 202.5159 68.0889 204.0843
81.5782 189.8256 85.3418 192.3049
83.6503 205.5845 82.4546 226.9772
84.3648 239.2694 43.0165 243.2468
84.5939 229.679 109.6255 226.1532
87.6455 190.2766 98.3931 188.4672
88.2228 233.0942 56.7741 235.6179
90.3941 225.7044 91.5703 210.6013
90.6029 174.1349 64.3457 176.5574
93.1206 170.5836 136.9084 165.9403
94.3115 178.5827 56.9513 181.5772
96.8701 180.8855 105.6641 181.0511
97.1801 213.1524 98.4265 199.2897
97.2258 179.2785 91.4595 172.4231
98.8427 217.8929 106.3171 221.8015
100.5648 163.793 138.1798 159.9056
101.1077 190.6535 100.8264 183.0712
101.5602 178.3223 99.1675 174.5051
102.9719 175.3687 120.4186 173.595
103.351 202.7595 100.5527 210.5992
105.1218 176.2557 111.354 183.7704
106.4538 221.5297 114.6992 219.3529
107.173 196.7369 103.6486 189.1323
107.8854 160.6165 108.1512 153.1259
109.2512 226.7721 124.4546 226.0489
112.8912 196.7609 112.0164 208.1359
114.4818 231.9981 93.0697 233.6641
119.0793 178.183 117.5601 203.1667
119.9036 203.1582 121.476 178.1
120.4565 239.3658 115.2195 245.265
120.5921 174.0181 134.4547 172.7386
123.4165 206.302 114.1709 207.1503
124.2698 227.484 135.4244 225.6529
126.5436 189.356 125.4695 208.1161
129.023 199.996 133.4769 197.5038
129.3619 234.2569 114.4078 235.92
129.375 189.375 129.375 195.625
131.5669 196.9028 130.8861 189.3515
131.9509 188.9593 144.4611 187.8215
133.4876 174.1283 140.6096 171.8273
138.0483 165.9889 174.4583 162.838
141.8256 172.2214 164.2584 170.9941
145.6606 224.4471 155.6515 224.7489
145.8766 221.9006 141.8377 226.6552
146.8427 211.5948 163.0223 209.7327
147.2738 175.6425 146.119 201.8967
148.0941 204.6921 140.544 203.9555
148.4039 201.8904 149.8581 175.5826
149.0448 202.5693 151.9533 209.189
150.5615 239.8484 161.9398 238.9176
154.6301 186.9161 152.8011 198.2741
156.8313 227.592 118.1367 230.7673
159.3395 222.4245 171.8839 222.6722
159.374 174.5575 164.3739 174.5843
159.6378 197.0124 158.225 186.8611
163.2178 166.6644 103.1387 172.028
164.0604 238.1203 163.4966 275.6306
167.8875 184.3619 167.1293 198.139
169.3872 230.7571 139.4114 233.5197
169.4226 226.6591 159.3864 227.1215
170.6704 204.3471 154.2634 203.7637
171.2567 235.255 176.6693 244.4955
171.6809 181.1758 180.3116 184.2176
173.0639 223.1616 180.5457 235.6724
173.3957 184.3747 173.4207 209.3747
174.292 217.086 178.817 218.8663
174.9176 162.2743 184.5226 179.2917
176.8132 238.1597 169.9727 225.9917
178.5312 189.3514 177.7965 215.6158
178.8449 175.904 172.8528 164.5182
182.5941 218.1218 182.7824 186.8729
184.3523 226.8747 182.1507 376.8974
185.1414 184.3817 184.8349 219.379
185.5575 220.7235 211.8636 219.1814
185.5692 180.5374 199.3152 171.7811
190.2924 180.6258 200.252 177.9741
195.5172 225.9333 185.5648 225.2446
195.7505 236.5501 206.8003 240.8184
196.9175 183.7147 185.636 184.5273
197.4071 216.8752 197.4202 185.6252
200.4794 233.793 214.6462 236.881
200.6091 177.8936 230.5536 175.8355
201.8391 238.0882 204.3708 235.6207
202.1591 181.8092 203.936 189.4767
202.6334 172.6835 207.8702 167.7709
203.6344 218.1324 203.9812 194.3328
204.3789 229.4082 192.9923 230.7439
204.6487 185.5306 223.5803 183.377
206.816 196.2908 221.9145 194.7665
209.3655 225.5219 223.1144 224.26
210.7857 230.1011 228.1829 235.4361
214.9427 201.8735 214.9183 213.1262
216.9214 234.2158 204.3917 230.5676
221.8919 190.8263 206.7885 192.0974
221.9062 218.3879 242.0674 215.9974
221.9177 198.5692 206.817 200.0217
225.5516 181.8507 226.25 215.6121
225.593 216.7957 230.7617 214.7145
229.4937 220.9862 199.3809 223.2049
230.5593 175.183 257.0408 177.3362
231.5809 236.5837 266.725 247.3639
242.8922 215.2921 265.8188 221.1114
245.6445 164.6008 185.4454 169.7932
245.6462 179.6457 228.1556 181.0155
246.2182 164.3408 251.759 161.6372
248.2434 225.8818 206.7585 229.1424
249.3986 219.7677 231.737 220.8297
257.3362 178.9218 269.613 182.2462
264.815 225.3824 249.3192 220.8141
266.6869 186.2366 246.6592 180.0765
266.9312 224.3996 264.4915 229.9731
268.3194 222.4083 289.3763 228.1202
269.2413 238.6477 292.1606 244.5083
270.5194 182.2022 274.6464 183.534
270.6003 229.4884 286.8923 233.0456
271.0188 220.6662 269.3343 185.6871
271.7668 186.9558 273.4128 189.1601
273.0473 192.5659 285.391 193.9549
274.0097 187.949 279.7045 183.2577
274.0257 202.3484 283.4868 209.3289
280.6129 185.6627 344.5978 206.1803
281.963 200.3632 272.9683 197.3416
286.3423 191.921 289.2788 225.9568
290.3972 227.5684 305.7892 232.6254
293.2954 164.493 310.708 171.6737
303.824 161.401 292.7319 145.0439
305.4853 236.1078 270.52 225.9879
306.1845 230.2857 313.3021 225.9133
306.6921 198.7256 291.9199 194.2276
306.7872 163.4462 295.3658 160.3231
311.3495 225.6618 309.5787 200.3484
311.4956 171.6814 323.051 175.8311
317.0352 199.5142 316.5784 208.2403
323.7061 175.2408 343.4339 182.2562
325.0077 205.6184 325.2023 224.3794
325.5872 239.4191 332.3828 245.2412
326.2007 223.0054 325.804 229.3861
329.6725 208.1162 330.1166 223.14
331.808 226.1501 339.3447 227.1125
338.1703 227.9762 344.2393 229.8214
341.5297 181.2256 349.3267 185.7091
344.3595 181.3393 324.5448 146.2347
344.765 166.8342 324.6429 131.7215
345.4512 197.4028 247.0802 165.0021
345.8417 211.2309 329.355 205.6845
349.3244 188.2734 248.6738 153.9299
349.6728 160.4538 339.0862 142.041
349.8651 238.199 346.0814 199.3306
350.3791 210.5516 352.6713 241.9082
350.6608 204.4271 353.5272 202.4616
351.6672 211.248 364.0412 215.3757
352.1604 205.8408 395.6989 217.8572
353.5747 181.9872 349.5403 198.1662
356.3705 181.7595 363.7255 185.7752
356.5357 192.8677 405.9241 209.7499
360.1349 181.1112 345.8205 166.6811
363.4529 215.7387 364.9894 228.2034
365.0974 163.5326 381.2976 168.689
365.2856 229.3144 365.7882 236.8641
366.0804 236.9131 366.499 245.643
367.8737 221.4066 376.8968 224.3073
367.9067 216.3216 379.2208 219.867
370.9249 175.2123 368.0999 173.1595
372.4182 230.1771 366.8204 223.3892
372.6302 180.6674 373.4714 190.4883
373.4711 193.3354 357.3438 187.9667
375.2536 235.5166 376.9811 249.5162
376.7163 191.8889 375.6234 179.3751
376.875 170.625 376.875 171.875
378.125 170.625 378.125 171.875
378.3557 179.3511 379.6505 191.8465
379.4257 220.7167 382.8276 218.8368
379.6025 221.8504 382.7228 250.6685
379.6399 161.6426 372.5842 153.5994
379.7351 171.8792 379.7709 179.385
382.2717 179.4697 383.6578 191.9546
383.0427 220.8566 399.0477 226.5458
384.1015 171.3771 396.7476 175.9754
387.1522 180.0766 400.7548 174.7035
389.5123 162.7551 380.5988 159.4457
393.1269 169.3703 381.7569 164.66
394.5321 200.1657 374.33 193.2564
398.071 220.8246 351.8263 208.305
398.5998 228.0724 400.9561 249.3383
402.1291 173.2536 405.5029 199.3908
402.5527 201.0197 389.3578 181.8869
402.8721 217.6269 434.3458 228.2119
403.8701 178.0643 424.4129 186.7857
404.6937 161.4487 393.881 153.364
405.8062 185.1848 418.2554 190.3082
406.7012 209.8671 474.1746 233.6927
407.6997 230.6908 410.026 245.7177
409.3749 209.3749 410.6251 208.1251
409.7714 167.9048 420.2591 170.7322
413.2773 227.6925 401.7019 223.6167
414.3751 224.3749 413.1249 223.1251
418.3015 163.8721 407.836 160.1984
418.3224 193.8908 406.9284 189.244
420.4622 188.5403 405.7606 182.7789
421.1891 234.2858 423.4024 248.2788
421.6176 173.2878 430.3311 187.0609
421.9072 208.1215 420.1173 191.7936
422.7538 186.7639 425.1664 205.8411
424.1819 171.0285 432.2315 174.8799
424.5834 182.6282 404.4543 174.1859
425.2166 231.5353 414.4508 226.7059
425.5085 166.0348 419.3971 164.2974
427.6424 160.3034 432.5869 172.1005
429.213 212.3189 395.4038 199.9811
430.6379 238.1234 432.1965 250.7397
434.2403 237.369 460.2599 244.4639
434.4505 166.9564 440.304 161.5288
434.9911 182.1244 429.1335 178.5173
436.5008 170.8374 445.9125 187.4212
437.1138 229.868 430.0898 233.2698
438.1374 189.7554 441.8834 189.6331
443.075 188.1662 436.8674 180.6312
443.8254 190.5919 444.1845 198.1931
444.645 191.5932 449.622 196.631
444.7905 215.3237 430.7081 195.9081
445.0344 199.0186 448.4013 217.0567
447.7472 182.7297 486.0513 199.6606
449.3111 219.5524 429.6133 212.463
450.6211 197.3375 456.8647 197.3064
451.3505 189.8033 455.9128 195.3899
455.6165 220.6262 453.2838 204.3522
455.8721 166.3405 491.9284 183.0095
456.3444 200.485 457.7963 207.9457
458.4648 205.3918 473.1825 226.8356
461.1073 195.2182 452.5897 187.463
461.875 200.625 461.875 199.375
465.4192 182.3895 483.0919 189.4579
467.0457 208.5785 478.5481 204.2489
467.1997 224.9411 459.8088 212.8596
469.3294 237.086 355.1635 198.231
476.0047 229.5481 449.5211 220.2108
476.1758 225.7059 459.1537 200.7761
477.2176 208.8499 469.1552 212.6598
478.5648 210.7829 482.2217 229.551
479.0067 235.4301 559.2626 263.4469
482.8995 210.9704 488.1218 214.3799
483.1718 181.7746 466.4726 173.9879
484.502 227.078 481.9764 213.1067
486.135 220.537 488.0921 231.8807
490.5233 219.3951 493.4638 234.3082
492.1261 207.7895 485.5201 202.8451
494.5264 217.2102 506.2151 211.9318
494.6818 188.6647 492.0086 196.9183
494.7183 174.3704 494.5666 163.1224
495.7398 235.6069 491.4027 208.0028
497.2715 175.5179 501.0744 189.5914
498.6158 225.3119 504.9577 235.2533
498.9922 189.371 499.0435 200.6265
500.0676 198.1224 500.0325 205.6281
500.9352 205.684 508.8244 207.7389
501.7763 200.016 506.9608 199.7407
504.7036 217.4041 497.0507 222.1579
505.1912 231.7818 504.0646 221.9104
507.2128 218.082 509.3078 234.5426
509.3643 215.5843 530.165 210.1231
510.4418 206.4127 514.7631 204.7001
512.152 229.3237 514.4721 241.857
514.5353 204.7668 535.806 196.0677
518.5665 230.5627 520.3459 243.1644
519.6366 197.5764 510.5653 193.2501
522.118 225.1031 526.5055 221.7915
523.1438 221.8138 508.0344 217.1699
524.4722 214.6456 515.5293 217.8587
525.8195 231.1292 534.2755 227.8671
534.0811 219.8985 545.9218 215.1087
534.7329 231.3855 526.6663 235.1815
536.5574 190.7236 541.5983 206.9609
536.7437 232.2752 538.4159 243.2709
539.5099 196.6779 554.6536 207.0441
539.9893 211.6117 531.7798 216.7221
544.9536 238.0022 547.6548 250.7248
545.7386 198.4865 638.1443 169.4366
546.6255 218.8674 553.9642 233.3334
548.0504 231.8853 541.9596 225.4839
554.4938 207.9419 575.7238 221.7227
555.4261 222.1213 549.1995 217.0923
559.132 219.1057 563.21 234.3523
559.4443 231.8396 555.1229 223.3816
568.4919 236.1275 565.5704 223.7269
576.8339 220.6935 588.0482 227.4188
581.8397 228.9988 586.273 243.3115
585.2531 229.0978 587.6327 236.6358
591.4162 236.362 601.2234 251.487
638.1125 171.8353 549.4633 199.6565
0.4927 246.2622 29.2987 252.2427
8.3854 319.5592 19.8662 322.3649
13.0446 251.0526 0.51734 248.6977
21.6923 252.1896 11.5894 254.1627
24.1882 303.0653 29.1987 288.0661
28.3483 305.9711 27.0856 302.2254
32.48 260.6343 32.9308 170.6303
35.395 263.1043 29.6598 326.7881
36.5133 249.2967 35.9014 261.8884
39.5866 259.394 32.4204 339.4238
40.7353 244.3885 39.356 255.6227
41.8166 312.316 53.7005 303.9417
44.4163 313.6584 79.4003 310.9528
49.885 302.0055 52.8697 261.7634
53.1113 297.6826 65.638 297.295
54.9252 305.6403 65.7577 300.9301
55.612 247.9644 84.3758 245.635
55.6413 252.1186 80.6134 250.4519
57.9185 295.6657 59.2823 260.6701
63.3393 306.1151 52.0594 311.0467
63.5714 254.2021 63.9498 260.65
64.3753 261.8767 69.629 261.1056
65.6027 301.941 80.2019 306.8766
66.9323 255.2968 78.139 254.6007
69.1441 276.8613 68.1814 293.1283
70.3029 262.1471 75.9278 260.2941
70.4703 291.8689 71.0614 276.843
75.7188 264.2802 61.8572 265.4056
75.7243 273.0067 61.8617 274.2237
76.7259 309.7862 62.9712 304.7992
78.215 314.3916 44.3694 316.7963
78.3922 271.9813 76.9854 292.0579
79.1341 255.6105 78.1549 271.8768
82.5527 268.4109 80.3847 273.5509
82.9443 300.6129 85.0358 269.2523
83.2833 305.1771 80.368 312.2824
85.0849 255.516 86.879 246.6236
85.3591 245.5104 87.9597 239.4763
86.5111 315.6175 86.6064 326.8773
88.4066 286.8051 87.5865 298.1763
89.3863 299.5479 168.2082 294.3986
89.4462 311.7089 160.717 307.0249
90.6591 269.3766 90.1921 279.413
92.3549 245.5768 91.1764 264.4095
93.146 240.8739 169.486 234.4421
95.4725 286.8671 94.9508 296.9049
96.8982 314.9173 109.3754 314.3833
97.6099 279.4168 99.7441 241.896
100.6554 243.7787 111.8811 243.2571
109.4235 317.4958 98.1448 318.3778
111.8786 246.548 101.8739 246.5874
111.9726 258.0958 100.5955 259.0059
113.7562 319.3573 112.7891 353.1512
114.0248 278.1038 115.3863 255.6105
114.3219 243.1221 112.891 269.4303
116.917 313.7919 139.4065 312.375
116.9451 251.8757 116.7719 269.3864
119.355 270.6369 119.0964 243.1276
120.6569 242.2769 141.8725 240.5934
121.9019 254.6958 140.6251 253.1267
133.125 310.625 131.875 310.625
136.8639 250.526 124.3805 251.9241
140.6606 256.0996 120.586 257.6049
140.7032 244.4354 121.8711 245.5598
142.1547 314.838 116.7907 317.2324
143.0928 245.5582 142.7612 251.9212
143.1759 255.6289 141.6277 275.6058
143.9242 275.6577 144.9988 249.3494
146.5995 256.8577 145.3429 276.8573
147.9754 276.8609 149.7451 258.0423
148.1183 278.0314 159.4 277.2241
150.6118 253.0129 160.6206 251.8378
159.3719 309.2766 148.0936 309.6342
160.6208 314.3192 145.5181 315.4617
161.0619 276.8681 161.2318 256.8695
161.269 293.1416 161.4955 284.3652
161.8113 242.4752 150.6685 243.5683
161.8952 254.5714 151.7455 255.614
162.0499 308.1273 161.504 349.3866
168.2167 279.4754 88.1613 284.9096
169.9385 306.1019 175.0803 313.5034
170.0376 274.356 171.2092 238.1439
170.179 294.7588 177.6958 303.4943
172.5692 265.6123 172.225 280.633
173.0058 249.0107 179.0207 247.0424
173.062 319.3314 172.6617 354.3411
174.6247 250.4983 177.3772 283.0826
177.3118 304.3307 176.6976 315.6154
180.7542 285.6277 181.6268 243.1199
187.6747 304.9951 196.878 293.1273
191.8081 303.537 229.2691 300.5479
196.7195 289.3761 196.3839 243.1195
196.8766 309.4524 219.3926 308.9977
197.4885 298.0626 205.0328 294.4039
203.0701 252.1384 201.5173 244.4472
204.2959 244.5208 218.1539 243.5277
204.3853 314.4925 221.86 312.9544
204.4017 319.7909 223.1546 318.5846
205.0566 285.5206 203.3022 253.0479
205.6136 250.4748 221.9592 249.2357
205.6953 262.1868 223.1537 258.2523
206.0186 294.9472 212.0124 290.8247
211.0104 296.6005 200.6518 300.6929
213.125 290.625 213.125 291.875
213.8804 261.8872 214.404 283.1243
214.0972 291.7646 226.7589 294.8513
214.2921 284.5128 205.5904 285.1611
216.9233 288.6541 201.8209 290.0318
223.0749 252.4346 204.3329 253.7951
223.1073 262.8735 215.6441 263.3973
223.1375 308.2574 229.4492 307.6642
224.7338 249.3777 224.8403 284.3774
225.7853 314.3727 226.3673 355.6145
226.5978 296.2585 230.1848 294.6459
226.8322 299.5143 210.5813 294.5171
228.9335 301.4741 236.0195 294.7266
229.133 253.1201 229.3099 289.3814
231.6573 318.0955 232.6583 353.1383
231.9053 303.5072 191.8601 306.6878
233.0182 305.6594 232.7537 314.4391
235.6009 253.1931 231.8751 251.8747
237.4852 299.9257 230.9127 305.9394
240.5807 297.1087 262.9859 301.3582
248.2691 256.2979 239.7386 254.1684
251.9357 254.1543 266.84 258.2524
263.2389 303.8033 239.4371 299.0634
267.0537 250.0479 230.444 238.7093
267.0683 262.5049 253.1158 258.1545
269.2784 308.1964 265.1198 302.5741
269.5315 303.5281 299.4345 309.0527
271.2301 246.6519 289.8987 251.9393
272.457 309.8048 278.3839 314.0101
272.4969 291.8362 271.6671 251.8016
272.8064 297.6049 278.1125 294.3546
274.3497 254.4783 286.7206 257.5059
274.4668 300.8116 284.4987 295.8765
275.338 264.2287 286.7889 267.206
280.5926 316.7347 289.4474 314.6885
280.9857 311.2894 279.0812 314.1815
283.1176 299.3598 274.5669 303.5194
284.1595 260.2826 274.1313 257.9016
285.6605 270.4558 275.58 268.3397
286.2474 296.6668 302.5911 306.5114
289.3369 256.7781 288.3877 269.3948
290.1738 270.5684 290.5891 285.5914
291.4547 252.1179 288.7966 256.5262
293.1518 316.8808 293.3052 349.4036
293.7788 244.4337 293.0909 252.0964
293.9516 284.5773 295.4587 297.0462
295.2789 307.3182 283.2702 297.939
295.6459 266.8075 308.1142 270.6599
295.7912 256.3406 307.1124 259.8617
298.1497 311.7393 269.2228 306.4584
299.0969 313.029 298.7904 321.898
304.3983 241.789 248.2033 226.5856
304.7958 246.5674 310.4723 244.0329
306.2751 309.8283 312.7964 315.8825
307.1104 262.4097 295.4749 258.5812
307.9054 254.6869 315.0258 259.7008
308.1021 274.4547 295.5619 270.8443
308.2442 261.746 314.107 267.1649
309.5462 300.6715 309.7927 293.1387
309.7482 253.598 305.7278 246.1452
310.2427 243.5302 314.0448 235.3882
310.3524 310.9424 308.4479 301.8077
311.281 307.6923 324.3577 303.0759
314.0167 290.5971 314.429 266.8326
315.4792 252.7633 324.3068 249.2058
317.2596 262.7215 327.3807 265.0754
318.6839 297.2951 317.2426 303.5007
323.1902 241.976 310.3781 250.2422
325.6824 295.6206 326.4474 305.6576
327.0622 284.8015 316.743 282.4558
327.2404 308.8922 314.092 315.1552
328.0251 284.9087 337.1212 283.6394
328.8715 267.98 331.7707 282.9024
329.1041 286.6626 329.4193 288.1154
329.7012 289.338 330.5578 296.8826
330.7055 257.4612 316.8997 257.8215
331.867 310.2628 348.1643 309.9019
332.9521 287.2712 341.085 290.821
334.3711 295.6556 339.4479 296.3068
337.0219 259.7444 344.3564 256.8283
338.1431 251.7129 331.0817 259.9445
338.1644 279.2414 350.6825 282.93
338.2035 250.9165 343.7166 249.4312
339.6082 260.1721 334.8571 270.8397
339.6313 241.6504 347.1223 242.9522
340.5526 289.9122 351.9327 291.4471
343.0585 246.9364 349.0973 253.4773
346.8559 313.0361 335.9031 323.4184
347.1856 253.3389 344.1443 256.5811
349.0747 318.3378 340.2058 331.5945
350.4416 275.0658 338.1448 271.8005
352.8189 245.5468 355.322 275.7537
354.1843 299.3889 350.3546 246.8947
354.2057 247.4565 365.9187 250.8661
355.4583 276.7974 358.1566 314.4623
358.4358 318.0051 362.188 366.851
360.5565 319.6833 369.4242 321.6536
365.8634 247.2852 354.1388 243.9569
369.209 317.8316 360.5042 316.3206
369.9174 281.8353 372.4788 316.8308
371.8738 270.6299 383.0884 273.28
372.7634 248.1637 371.1477 233.069
372.989 276.2438 383.0523 278.4556
373.3525 264.7562 391.8181 269.5923
374.3037 289.3823 375.9584 305.591
375.1658 318.7742 395.2034 323.6187
379.5823 278.618 387.196 280.7028
379.6064 249.3521 377.5132 228.1855
379.8536 305.7577 377.2038 290.3534
381.3876 252.9523 396.6556 259.86
381.7651 285.806 372.2402 280.0235
383.3483 275.9832 373.0546 273.4062
385.2463 306.9207 383.7243 294.3027
386.5836 251.9061 383.5089 223.084
387.0651 296.8407 389.1119 308.1725
387.4064 271.1069 370.671 266.7002
388.7842 318.2388 395.8434 314.8268
389.6712 283.2568 388.4375 274.3318
390.6552 312.9562 374.475 310.0654
392.8473 313.3025 389.7708 286.829
398.0074 256.041 386.9358 252.91
400.0492 271.7342 398.4443 264.0474
406.7731 275.2943 419.244 271.45
408.2372 281.0294 421.9701 277.2177
409.7106 311.8386 407.1182 287.9629
413.8406 300.2559 415.102 306.9732
413.9258 285.5417 412.7218 292.0321
413.9933 293.0999 413.8965 299.406
414.5461 265.9263 401.3361 273.4257
415.6247 263.1253 419.3754 266.8746
417.6679 246.9263 419.4836 263.1128
418.7558 303.1936 417.221 289.3367
418.7998 319.5116 420.4057 311.5776
419.5817 273.3339 444.1114 278.2032
420.3941 261.8565 420.0875 265.6821
420.9402 265.7562 439.6167 271.0171
425.7557 286.3299 418.0967 284.4931
426.5576 288.4467 428.3318 297.0892
427.7931 296.7769 428.4817 303.2205
427.9233 306.3238 430.5313 317.1973
432.5087 304.4489 430.996 291.8305
434.2951 317.1455 432.4368 308.0107
434.6188 282.1147 422.2366 279.1265
435.09 293.1596 439.9253 299.8785
435.3818 302.2652 442.1278 306.4693
435.6652 279.3659 436.8623 284.6605
436.1875 252.1725 434.0095 237.9892
437.7246 308.9485 442.9927 319.4414
438.059 282.9727 450.6194 283.3257
438.9797 254.0717 451.2261 259.1853
440.4698 286.2442 431.9294 288.3459
441.9985 271.4486 451.8924 274.315
442.1562 308.6204 455.8658 313.7287
443.1336 298.2685 441.6745 285.6482
445.2377 285.6093 444.9352 293.0461
455.2636 259.2088 457.6491 271.964
455.5269 286.0171 470.5257 289.7718
459.0517 247.7926 462.9245 273.1556
461.2841 243.9362 469.7533 250.1057
462.0662 309.2796 463.314 311.7807
465.5783 294.5529 469.6876 324.5036
466.2561 274.2853 462.5267 248.0324
468.2161 291.5094 455.5668 288.3588
470.1283 243.2092 470.8495 236.7603
470.7088 305.8027 468.7617 293.028
473.0771 251.5695 488.1019 252.3306
474.7948 275.7458 471.3076 251.7757
476.6642 282.74 485.7864 284.9626
480.5891 318.2985 475.8402 283.096
482.5345 255.53 485.989 279.5027
486.9061 281.7599 478.1227 279.3835
486.9519 255.1277 501.9792 257.4506
487.5192 259.143 490.3411 266.9773
488.3238 280.6004 486.7811 268.1366
488.8764 300.5187 491.0304 315.7445
491.5313 280.5631 490.7608 269.2804
494.3274 297.0594 505.7826 300.0142
494.908 259.3506 495.7696 278.1756
500.7214 303.11 505.0172 330.7196
500.8481 259.4537 505.6731 260.3727
501.4202 284.6569 497.4316 260.533
504.3386 297.0209 490.5143 293.5681
507.9472 255.9624 524.3274 264.593
509.5728 301.8555 508.7059 293.0677
510.5582 308.1493 508.6576 302.931
511.8978 241.8033 478.7264 231.237
512.7871 288.174 508.7489 260.353
513.6485 274.5735 516.3646 284.5145
514.1549 293.9631 523.0795 292.7813
516.6931 243.1552 514.6101 230.586
520.7983 302.5681 527.857 300.8031
520.7999 309.3334 522.903 318.1778
522.0549 280.4098 516.036 275.3788
522.4781 290.8834 518.3454 280.537
523.0506 269.3843 525.2689 287.0764
523.0811 319.3692 522.071 327.0648
524.5687 296.0869 511.709 301.4791
524.972 267.5875 531.2245 262.3487
527.3028 246.7906 523.3661 226.8275
528.4424 296.6445 534.8497 294.6494
529.4803 249.0566 511.8419 243.2251
529.6201 291.8304 527.3387 279.2906
529.7034 284.1914 534.9421 288.7188
530.9662 272.4506 534.5547 285.9103
533.7079 268.8706 551.3282 274.7607
533.9885 263.5692 529.6442 272.0135
535.3647 283.7107 544.5275 287.7819
537.189 310.547 517.1281 305.8043
541.2911 307.7003 546.2917 315.5438
542.9531 288.7068 539.7769 294.5919
542.9581 254.7199 529.8895 248.3946
542.9802 248.4932 539.5693 235.5737
544.0179 308.5662 552.3603 315.3196
548.3735 315.5175 549.1002 325.6447
549.5702 244.339 547.2154 231.5814
550.2499 277.8653 551.8162 283.1425
551.7899 257.1491 544.2414 254.8053
551.7956 255.6445 549.3334 245.6352
552.7756 284.2972 550.7425 293.4294
554.7148 248.2664 561.8602 258.5137
554.7545 296.9758 553.1212 303.124
557.6201 300.5809 556.2238 276.9875
558.0278 268.4097 477.6204 240.9429
558.4085 277.146 555.8605 268.059
559.3358 259.4858 552.2089 256.9609
559.3746 309.3755 564.1697 313.3714
561.144 260.6649 562.7861 290.7118
563.4292 244.7052 580.6944 250.4152
564.6845 294.5404 574.3317 349.3826
568.0816 273.1357 562.7712 251.6535
570.058 283.3758 583.4764 288.4448
573.0087 275.6444 570.5038 260.6452
573.0155 290.9857 582.8668 293.9757
573.2892 241.5165 575.8289 242.6799
574.5258 277.6333 590.7802 282.6189
575.6892 313.099 571.5125 302.7663
576.919 243.0124 589.4584 247.9117
577.0009 256.8549 580.2463 277.1356
581.7233 247.2684 566.9868 241.5851
582.0477 282.5887 566.9981 277.7427
582.2537 251.9709 602.9196 258.7509
584.1591 289.5468 587.3729 316.9632
591.8173 281.8883 588.0778 265.6359
591.9757 266.8565 594.9877 283.2421
593.4653 299.2771 591.0453 290.8636
594.4078 284.2613 606.9473 287.8742
594.6507 288.961 599.8444 292.4203
598.4914 283.2899 596.11 270.5345
599.758 265.5566 603.3326 285.588
601.3268 251.4222 614.4014 256.8109
603.0546 255.8018 584.2922 248.3331
603.9018 295.3276 611.1202 314.1854
603.9067 308.4001 600.215 302.1158
604.2643 289.7174 591.8488 285.706
605.075 265.0449 558.7277 247.3172
606.5301 281.9478 603.3378 266.8301
610.4856 315.4044 616.9814 348.1039
613.2803 298.5947 624.5513 297.5771
623.0106 316.9225 617.2195 302.9819
626.8607 304.67 639.3619 294.6714
634.3352 276.5447 620.4851 278.2141
6.964 375.8102 7.982 368.451
8.4255 364.37 8.4888 368.1399
9.375 360.625 9.375 359.375
9.5513 360.7574 10.1776 365.8344
11.0806 399.4744 13.2555 416.8587
11.6349 355.1895 17.7241 356.9847
15.6759 340.5956 18.2401 345.0311
16.9337 354.4223 22.4491 347.5801
19.4455 333.8243 5.6188 333.2832
20.7931 368.1559 18.2718 381.9019
21.573 341.8799 21.3708 329.3629
24.3881 391.9731 21.7671 425.7137
29.2457 329.3647 24.5829 388.1415
29.3681 385.5635 46.8747 385.5161
31.05 353.0769 31.9193 360.7614
38.1257 389.9902 29.3744 389.9808
39.3405 373.0982 33.3614 380.8083
39.6071 393.4206 31.9318 399.4474
40.9721 396.4227 46.8853 403.1159
42.1085 363.488 47.3661 357.4628
42.8441 337.7948 34.0656 345.2612
44.364 369.0193 56.8907 368.6333
44.5449 398.1133 74.3207 396.0803
45.7232 389.6051 38.1735 390.1062
45.7516 357.0457 44.7484 343.0981
48.1045 386.5148 79.4664 384.7336
50.7008 321.5449 74.4655 320.7147
52.6334 365.7494 53.6642 359.4634
53.1531 358.2105 54.4958 338.1331
54.3939 336.8724 52.3563 321.8099
55.6347 339.4471 64.5596 338.2422
56.8065 329.3222 71.8962 328.5291
58.0815 368.4161 75.6587 367.6196
63.5206 341.899 62.2316 363.1466
65.5275 338.6485 73.2244 337.6155
65.6206 363.202 66.862 343.1242
70.5974 365.2077 54.3359 366.2846
73.0605 332.2972 55.666 333.6519
73.1854 388.0755 46.8135 389.4031
74.3929 377.3393 48.0856 378.3537
74.7624 326.9052 71.7553 365.5183
75.4442 396.8213 74.4101 424.3763
75.6457 369.6918 43.1212 371.8173
76.4063 383.2088 77.6279 371.8217
78.1225 365.6705 79.6294 324.3387
81.8598 378.3982 104.5677 379.6613
83.4611 360.6624 82.0558 373.2843
84.3659 373.8599 103.11 373.5272
84.3777 355.7911 91.8957 355.6711
84.4115 399.1839 89.4083 399.3104
86.4444 328.1048 85.2678 353.1669
89.4642 382.0367 81.8799 381.7472
92.0404 364.3893 91.4972 370.7001
92.403 393.0256 94.3494 403.3651
93.6446 356.8366 95.35 324.3606
94.4884 385.512 90.1191 381.1294
95.7755 323.0932 93.8975 314.2117
98.0921 325.2552 108.2342 324.3539
101.6052 341.773 100.8366 353.2231
103.2808 375.7988 159.2678 372.5359
104.6262 352.0289 106.8343 330.4927
110.2053 325.6074 109.6275 339.3856
111.875 336.875 111.875 319.375
114.3632 390.2938 103.099 390.1489
115.6404 354.3755 116.4816 329.3618
117.023 398.9694 101.7763 399.6441
118.0302 357.6144 81.885 359.5615
118.0833 323.6249 139.4064 322.4404
119.0212 330.7182 124.9674 353.2982
126.5286 349.3737 126.6003 329.374
128.1441 356.499 115.6228 356.7727
129.4455 329.3764 129.0108 351.8921
130.539 353.5341 138.2144 352.7487
139.4173 326.4106 118.0945 327.5574
139.9785 329.3591 139.4563 350.627
141.875 351.875 141.875 328.125
144.6513 321.8866 143.395 351.8863
145.5709 350.6247 145.7165 323.1255
145.7025 321.6589 158.1326 320.7267
146.8364 352.6369 158.1148 351.7455
150.6445 395.9457 121.9249 397.6949
158.1734 325.2569 148.0667 325.8111
158.8369 349.3859 159.1811 326.872
159.0777 392.0833 168.4882 389.3978
159.2104 376.8826 159.6694 386.8615
160.6235 369.3593 168.1265 369.3685
161.8753 395.5549 170.6196 395.5938
166.9668 354.3838 125.4817 357.4095
168.5916 349.3475 169.9518 310.6014
168.662 368.8101 175.4336 375.8578
169.3082 396.0941 171.8197 403.1447
171.9727 354.2379 177.8905 358.4542
174.9406 361.3118 167.4541 353.7931
179.9134 371.88 180.7033 286.8757
180.3998 384.782 166.1658 376.9069
181.8645 379.2036 233.2281 376.0578
182.4198 384.3688 181.9884 433.126
193.1168 359.6646 216.8757 359.4625
194.0091 356.8759 193.943 329.376
194.1707 328.1387 192.9043 309.2224
195.5963 373.8422 233.122 371.8195
198.2352 389.9755 232.0143 387.9637
202.8506 396.8699 202.6401 408.1393
203.4539 358.124 203.366 328.1243
203.5329 326.8061 201.1697 312.8217
204.3833 330.7209 224.4495 328.9875
212.8087 355.6251 212.8038 335.6251
216.008 334.3741 216.0606 355.6239
217.6797 395.6167 217.7964 406.8784
223.22 332.9816 205.5285 334.5003
224.2623 321.9036 204.3168 323.7446
224.3713 356.8246 205.6308 358.2041
226.7704 358.9513 232.9523 357.4252
229.4269 392.7029 201.8785 394.4315
230.7332 368.1646 208.0781 370.0657
231.8876 360.8334 193.1287 363.1854
232.3024 386.8807 232.7725 454.3687
233.1553 375.7417 248.7278 371.6946
233.2895 363.0372 233.6856 369.4178
238.0257 378.9275 184.2404 382.0752
247.1436 373.3001 308.1569 380.3487
253.2372 378.671 238.1399 379.614
254.6266 391.707 248.466 382.482
263.4315 394.2314 260.5806 388.1458
269.1152 389.1993 302.959 391.6588
270.6704 355.6751 268.745 309.3492
271.1784 370.5331 269.6972 361.6139
271.5825 359.5666 278.0725 360.8835
276.1776 353.1033 274.7551 316.8111
276.6696 321.7269 289.4254 324.1049
279.3069 357.0056 284.7663 352.3321
279.3197 361.1705 300.6045 363.3278
280.2472 339.3658 280.0029 349.3903
281.8375 394.8024 270.5646 393.8136
282.681 343.2285 283.1749 339.3814
287.7566 341.8698 287.545 356.8844
289.5758 327.0448 276.8195 324.6737
290.691 360.1569 279.4874 358.5778
293.0742 350.4133 292.5334 356.9296
293.7677 398.0629 294.1382 401.8979
299.3512 365.8214 271.8011 362.4853
299.3896 372.9953 273.0509 370.0338
300.3193 350.8829 297.6044 360.8242
300.6498 390.7126 302.3304 438.1974
306.3659 372.6614 310.9348 379.9633
306.7628 371.9913 308.0531 359.3676
308.06 383.7952 253.3323 378.4874
310.0189 396.9595 310.8891 390.3315
311.1897 389.9621 309.1373 383.1971
313.9443 329.4061 312.9493 315.6377
315.8743 365.7274 315.0763 357.9254
317.6013 353.1346 317.1859 330.5732
320.0077 363.1372 319.7354 349.3926
320.5001 328.9011 330.6398 330.5333
322.9137 360.6439 323.921 371.9156
323.0726 324.6967 331.7946 326.1183
323.0811 395.0542 336.8544 395.9441
323.6035 380.5397 311.7814 385.3971
328.444 398.8585 332.89 412.3639
330.529 379.2346 360.5207 381.8299
330.7406 333.7536 320.4008 331.8305
331.6515 361.8716 331.8797 346.8751
332.8917 326.8846 334.1728 358.1844
334.1794 360.6183 334.2113 365.626
334.3312 371.4409 342.0053 370.6662
335.7149 397.2784 340.7903 397.8171
335.9594 322.3407 323.3357 321.0556
339.4204 331.8738 340.0192 354.4243
340.894 388.8992 336.9813 386.687
343.7339 389.2189 341.8702 396.8738
350.3975 387.3601 346.5495 395.4706
351.6396 372.5898 357.2112 370.1396
354.3785 356.9445 354.102 361.9292
358.1139 358.2087 355.0407 311.9138
358.7877 383.43 351.3547 388.0492
361.3476 365.0848 365.9861 371.2895
362.9794 377.2655 367.289 382.8028
363.8034 388.0759 366.7927 429.381
365.803 382.5644 408.2613 386.7381
373.4758 329.237 377.4789 375.6807
376.9151 377.8741 366.7746 376.2528
378.0556 336.222 388.0657 337.3853
378.1019 330.7703 389.2687 332.5439
379.4395 388.0135 365.543 387.3547
379.4904 368.1142 376.665 338.0273
381.8415 397.7203 396.8675 398.3154
385.0856 369.8361 379.2701 363.0333
388.2189 334.9738 378.0695 333.5096
390.2205 333.2521 393.0041 369.4803
393.4448 374.9836 379.2551 372.5842
396.993 347.2969 393.1533 325.62
397.1263 399.3352 399.3401 413.3283
398.3622 378.1062 395.9708 347.9983
404.1493 321.9625 405.1125 310.688
405.6315 380.4861 393.1591 379.8995
406.2949 331.7238 408.0873 339.6656
407.9091 365.7143 403.6452 355.4098
408.9036 393.1411 403.965 390.0248
409.0939 344.2716 411.2465 364.4421
409.2712 324.0651 419.392 320.6758
409.3937 388.2161 421.881 385.6544
409.5828 395.4838 413.0913 400.6479
410.1204 385.7327 406.5304 368.9149
411.6138 392.4946 419.7831 389.11
412.895 380.417 418.8167 373.87
415.1242 364.4243 413.0038 342.8907
417.1742 334.7558 423.3021 329.9415
419.836 341.941 421.5064 361.9059
422.2104 323.9043 409.8481 329.2243
423.4845 333.0012 424.6784 324.4172
424.6292 387.2773 417.9043 391.5256
425.4782 385.8038 466.8057 390.0499
426.2852 370.5449 423.0919 344.2274
427.7384 399.4041 436.3473 393.5932
429.3 329.7894 443.052 332.2781
431.0752 363.4581 434.1952 359.2419
431.7667 324.0437 441.9203 325.2411
433.9566 340.6001 434.4073 355.6614
435.625 320.625 435.625 321.875
437.7278 360.4672 441.0715 352.0524
439.3841 383.0359 415.6267 382.874
440.6323 326.8282 457.9074 329.5208
440.8384 337.4092 419.4335 335.0859
441.6148 335.7826 445.6095 342.3772
442.6656 395.0074 437.0765 397.3548
443.0661 397.5168 445.7041 408.1053
443.0662 320.6349 443.919 325.7018
444.4216 330.3736 430.6808 327.8241
445.2808 354.155 452.0551 353.2978
446.3496 324.444 444.6934 311.8332
451.9541 369.3325 459.3662 383.1297
452.1748 394.8875 443.2575 396.4043
453.0588 398.8723 463.0501 397.5565
457.5972 364.7868 471.2862 382.3344
459.2755 341.5727 469.7832 338.1157
459.3923 334.283 476.7467 337.5554
460.6284 360.6285 467.025 354.5324
460.7979 331.1454 449.1699 335.0074
461.9892 386.0289 444.3052 383.6423
462.462 325.4536 461.3964 329.5745
462.8586 384.513 454.8838 369.1116
464.3695 394.3532 453.1198 394.3031
464.6561 328.3893 461.6119 331.6276
465.9034 358.6341 471.3218 361.6266
465.9459 321.8365 463.542 301.8249
470.1656 390.7057 475.4044 392.5141
470.6795 364.3163 473.27 366.7186
471.5814 372.7804 480.599 375.705
471.717 329.8259 464.257 327.2119
472.1534 379.1591 459.5913 362.9573
472.973 348.1317 473.6977 364.4605
473.7276 396.3569 478.066 392.7851
473.8575 326.9594 470.7503 307.9008
474.4286 336.1243 491.9945 334.2386
474.8168 374.3223 475.4405 379.5463
475.1257 383.8963 480.5377 392.3836
477.9987 391.7357 484.4229 391.1516
478.0859 364.4999 476.0117 343.0876
481.223 386.9701 479.9209 378.0453
481.8849 338.1585 469.0304 341.9596
481.8936 387.9005 490.5842 388.619
482.6017 333.2616 481.6226 320.5482
486.9088 360.7927 484.6402 344.3384
488.5247 374.4954 487.7981 361.8221
489.0036 398.7562 453.2605 403.013
489.5337 391.859 490.4184 400.6458
490.386 386.9302 487.6015 374.8795
493.11 336.8375 485.3535 339.9481
494.215 327.5678 499.2359 328.7274
494.6124 390.6044 495.6971 403.1187
495.2814 325.8642 491.4734 300.4977
495.4779 346.7126 501.0418 384.4977
495.5346 341.2794 509.7049 343.2374
500.2477 360.675 499.0636 351.7505
500.6086 353.2253 506.8729 353.3013
502.8035 380.6703 501.03 368.068
504.0945 386.4721 505.3485 389.4899
504.3586 394.9823 513.1348 394.758
506.0053 379.3326 504.6129 366.8485
508.1061 351.8783 510.3178 364.4291
508.946 365.6894 511.413 382.1319
509.95 341.9744 504.415 304.3691
510.3367 386.6172 506.2511 391.185
513.4008 323.0684 510.786 310.3352
516.4531 343.1944 513.3504 324.3379
516.4929 374.5959 515.0123 346.9078
516.9432 388.1128 514.6984 375.5671
520.2975 348.2485 511.5193 341.0593
521.3114 360.7151 524.1034 378.1685
521.4914 336.0168 517.5338 319.5168
522.6017 390.5296 521.5913 382.834
524.4326 354.6045 535.6058 351.7987
524.7238 368.1989 523.8931 358.0621
526.3046 375.6467 526.02 368.1575
528.7239 335.6706 528.0547 344.4648
528.939 360.4935 531.7897 378.1388
531.9838 345.8776 520.6777 350.7474
532.2242 366.8463 531.3071 355.6716
533.1202 392.2595 524.3871 392.1508
536.8871 353.0466 553.1351 355.5594
540.1324 398.3989 541.4894 400.8394
543.7978 329.513 541.6838 320.6707
544.4287 346.5949 555.5107 348.7207
546.7896 366.894 549.283 378.1454
551.9711 329.4224 551.5565 319.3367
553.511 365.006 557.3526 362.6557
556.0825 369.439 554.8586 378.1926
558.5596 357.9096 549.754 362.8098
562.4393 330.2472 566.8762 336.8742
563.1406 343.7588 559.8863 350.257
564.0367 325.7591 563.0847 314.4839
566.3637 374.3179 566.9395 381.7735
567.8945 353.438 566.4318 340.6758
569.4107 372.0335 568.1061 362.0406
574.725 385.0903 570.3536 379.5907
574.9417 348.819 577.4692 355.8604
576.6494 356.8109 577.2043 365.6826
576.9197 365.3299 582.3737 389.2614
580.0119 330.0027 589.3942 333.0662
580.5916 343.1302 578.9658 332.7961
582.5103 336.762 585.8574 355.5837
584.4023 321.8359 591.7903 326.9962
587.0136 320.0394 577.8873 317.8789
589.3563 397.7704 580.5648 398.2346
589.4302 373.2887 595.7194 373.043
591.5421 337.9296 594.7615 353.0427
595.8409 358.2267 603.3118 359.6314
596.5859 374.3344 602.4031 378.6657
596.6337 398.2787 610.5357 395.2193
599.1125 333.1652 595.6299 310.4327
601.6356 333.9944 613.3724 337.2267
602.4866 370.1293 600.3351 372.8999
604.3143 370.6362 605.7383 378.3352
606.1885 362.0844 601.8191 347.7607
610.1162 330.1942 600.0219 325.7426
610.6313 339.3424 598.1168 336.9172
615.562 398.878 600.6432 400.769
615.5936 392.6278 591.8594 394.1274
616.3121 377.1649 622.4551 381.5611
616.4481 322.2358 610.2034 293.2157
617.5621 351.7642 619.0008 360.6853
620.9531 344.5651 616.4955 322.9455
622.1171 367.0235 600.5357 362.2813
622.6663 350.292 620.5025 345.1505
623.1724 380.0011 619.046 387.9543
624.1812 361.908 622.2869 350.7675
625.7909 384.539 620.2023 390.1928
626.9128 392.529 618.0399 391.9663
628.0561 373.1784 622.5468 366.0733
630.6237 398.6393 638.1259 398.6261
631.2625 387.9963 628.3034 373.3414
638.1415 391.5395 629.29 391.1047
639.1961 351.7545 630.1865 360.2987
2.8707 423.1406 1.1791 395.591
6.3159 450.584 5.7207 476.8488
9.0321 478.177 10.9023 445.5692
9.5255 425.7243 8.8262 435.5861
12.0247 443.7378 22.6142 441.1507
13.6943 416.5925 9.4192 426.8933
16.5506 459.7957 19.5276 463.1183
20.3401 464.36 20.266 478.1365
20.3922 444.3586 19.5065 456.8843
24.9164 441.2067 27.7918 443.5363
27.4223 469.9323 22.4586 474.9681
27.6943 440.5102 26.9893 443.1555
37.5815 478.2882 39.0785 471.8065
40.3357 403.6153 47.1602 407.6415
40.5746 473.5758 51.9371 472.8588
43.1161 463.1735 43.9509 441.8096
44.5757 435.6792 44.044 425.3839
44.9504 425.773 46.2837 409.3271
49.3169 436.9203 49.9347 420.6462
50.8437 445.6435 50.0053 455.5727
56.488 454.4379 56.1503 445.6529
56.9999 463.0179 44.2425 464.4123
60.9272 443.1411 59.8675 463.0847
63.1232 427.9287 71.8839 427.8481
65.7214 450.3247 71.1283 446.3014
65.7352 440.7435 64.4412 441.9463
66.2234 443.6086 70.3326 445.153
67.9044 478.1721 69.2266 449.3109
71.4839 470.544 72.2071 478.2116
71.8685 425.65 62.4548 423.196
73.3499 436.8365 73.9396 459.419
75.2657 425.3882 73.7459 435.7164
83.795 475.8613 84.59 469.4015
85.2159 465.6604 87.2178 418.0868
85.8135 416.0724 78.2694 419.2513
87.4454 414.3903 87.7492 403.0813
88.0674 466.3784 99.3875 466.005
88.8596 453.0455 88.5175 460.6427
90.5709 428.1223 89.8912 441.9618
90.6166 451.2723 111.8799 450.9763
91.833 443.4564 110.601 442.5987
91.863 406.161 96.9036 406.0764
94.3819 415.1481 89.372 415.1281
95.6181 409.7046 101.8771 409.6576
97.4613 468.0542 96.3784 478.2054
99.4086 461.3958 86.8779 461.9417
100.1035 400.326 93.7523 384.8544
101.9295 411.9901 94.8902 415.3233
104.3614 465.4562 115.6387 464.5451
104.3672 409.7842 113.1378 409.9508
110.6744 428.1988 93.1056 428.8543
111.6604 440.6961 112.6119 426.8398
115.1292 440.6042 114.6025 453.1346
115.3105 409.3065 115.9608 418.1919
116.9807 459.1301 105.58 459.6643
118.9691 478.1106 119.2823 469.283
119.638 469.4168 120.0176 444.3469
121.2176 443.1432 121.3954 400.6282
121.9018 400.9901 150.6803 398.8793
125.5176 454.2223 133.2594 453.6295
130.7272 477.3814 124.4245 476.5149
133.4512 447.6801 124.6298 451.2539
135.6448 418.2544 148.2329 416.3313
135.9069 439.2618 133.9216 478.1656
136.4767 426.8295 137.1464 439.3605
140.13 404.3338 139.1908 415.6096
143.213 434.575 142.0602 427.878
144.1608 443.714 142.8265 439.0998
144.8234 478.1195 144.4099 444.3593
150.1455 465.5795 149.1942 475.6078
150.6383 475.7461 159.4194 474.7784
151.8675 414.4808 149.8002 463.1961
153.1427 402.3127 141.8606 402.7702
160.6272 430.7107 169.4037 430.4829
168.9147 432.4197 177.9118 426.5483
170.3767 404.695 174.1754 402.2713
171.7152 411.204 154.3354 412.6495
176.8044 434.157 168.5179 436.8389
177.7848 470.7402 179.2258 459.3561
180.548 443.1656 176.6384 435.7498
182.2621 449.3362 183.1563 458.2473
182.5467 464.3656 182.3219 478.1323
183.985 437.675 190.7398 436.1253
184.8127 440.3438 182.0926 448.2003
188.3414 428.2227 186.0424 433.3135
198.1434 467.2636 210.6745 466.6706
198.3122 475.7681 199.064 468.2185
199.2601 431.9604 198.783 424.3338
199.4234 423.1591 198.4617 389.2944
199.5924 450.641 199.3202 433.1064
202.6769 419.3683 202.9802 455.6262
203.0904 409.3419 213.1505 409.0703
211.9133 468.115 211.8307 478.1246
212.2077 413.7703 203.5064 415.2978
214.4595 426.8869 215.5235 419.3607
214.6437 454.3514 215.0036 439.3601
214.8869 406.89 214.6577 395.6193
214.9451 475.6581 214.4574 465.621
215.4028 438.1974 211.7298 426.9223
218.3915 421.8456 217.9407 436.9069
218.4376 439.3549 218.923 446.9041
219.0318 433.7168 227.9608 429.0601
219.328 408.6291 228.1219 408.0756
219.4179 466.4772 230.7022 465.9095
228.1278 411.8852 218.7147 414.4749
229.052 405.6259 229.0249 395.6226
229.3913 455.9276 196.8512 457.6839
230.1603 434.3933 229.3209 413.1271
230.5829 462.2024 210.5676 463.1153
235.0447 464.8757 232.35 468.4801
236.2918 468.6742 231.709 474.2383
244.2074 478.0033 248.4741 472.1285
249.2126 465.4816 240.4175 475.4417
251.9318 437.0015 250.9498 447.1484
256.1078 433.3239 266.9834 429.7002
257.0246 461.6392 245.6533 463.3167
258.0459 474.7252 270.6682 473.616
262.868 420.6439 262.9872 414.3724
265.3655 450.7488 266.6159 440.7489
265.6856 437.2471 257.9828 438.502
265.6935 401.6838 268.3059 402.6203
267.3288 442.1649 272.6071 440.6093
268.5958 400.6362 268.4518 390.6024
268.6807 409.4125 269.1907 401.8625
270.5847 435.8626 284.3626 435.3143
270.9941 419.9496 266.4068 425.9328
271.8401 465.173 280.7301 464.4866
273.6632 474.3009 272.6269 466.7715
281.7359 469.7058 277.0404 467.7316
281.9021 415.154 269.3542 415.3215
282.5468 409.3824 282.387 396.8685
282.7735 453.1526 281.5873 438.0494
285.7866 468.3753 290.1422 465.5634
286.8772 460.9384 276.869 461.008
286.9645 428.987 269.5227 430.7979
291.8513 469.3759 291.6284 463.1338
294.0876 468.0165 292.381 472.5378
294.1819 464.0484 301.8685 465.6563
297.8043 430.6306 297.5197 414.3856
298.8681 444.4355 297.6569 434.2817
301.7646 439.1802 304.4334 454.7924
301.8843 455.4825 273.1272 455.2907
312.2217 405.6151 312.9324 430.6305
315.4224 449.3455 314.1228 458.2703
315.666 474.8386 293.2269 473.6696
319.2411 428.1344 317.5693 404.4142
320.8318 445.7191 321.4903 435.5195
323.6851 411.8331 323.0266 403.0388
323.7528 459.5096 320.8561 446.1157
332.442 420.9398 338.7674 418.6479
333.0575 472.3272 319.3002 473.4919
334.3499 417.1321 321.8471 415.9101
337.0638 470.7617 331.9469 477.8317
339.375 446.875 339.375 441.875
339.9724 400.6129 340.1756 410.6341
340.5784 441.8119 347.8194 436.4614
340.6139 411.886 341.8611 413.1388
342.02 419.1144 348.917 422.9513
342.0903 444.3279 344.0307 453.2003
345.959 405.8691 344.1062 417.8909
351.8849 466.8915 359.967 462.0309
354.1751 474.8119 339.0907 473.0243
354.432 436.7597 348.9237 434.0385
355.4667 467.8265 359.9458 465.4514
357.2174 455.3694 363.7392 461.3216
363.7114 455.6985 364.1605 436.8401
364.5926 436.858 361.3684 395.567
371.8391 457.7429 377.0281 457.2556
373.2944 445.6099 374.1908 455.6414
373.3463 418.0291 368.8826 423.7193
373.7264 459.2975 374.2533 471.8801
374.6952 417.0858 377.552 412.7477
375.7055 474.0742 354.4479 472.971
377.7474 427.8625 385.4026 433.4308
379.5248 426.2213 375.4985 417.6003
379.5828 445.6299 379.0756 466.8977
381.612 401.6872 380.6937 396.8619
381.8126 408.1433 381.9099 401.837
383.4146 426.8842 383.4522 420.627
385.6067 457.1087 383.515 434.5708
386.6643 478.3193 383.7992 456.7853
390.2896 425.5037 392.4727 441.9615
392.4849 410.5178 393.1992 414.5817
395.8244 400.9612 388.6306 405.2275
396.5503 411.6653 394.3716 416.2212
401.3556 445.7487 402.55 450.762
401.4475 454.5433 409.2162 451.4731
402.1942 456.8591 402.8787 470.6372
403.4039 416.4803 418.0696 423.2451
406.3073 429.4468 407.2405 436.8288
408.4307 439.377 408.455 450.627
408.5187 456.8154 407.0295 478.2227
411.0529 426.8176 412.7444 439.4261
411.2431 406.9718 417.9121 403.9111
413.1186 441.7408 419.414 441.4393
415.0401 474.4187 412.6061 441.8204
415.5174 438.9694 421.6602 438.5701
416.3185 448.2639 417.8599 454.4412
416.8015 448.3682 426.8722 448.0401
418.0732 434.2885 422.4855 431.6435
419.7968 415.665 419.3115 405.6281
420.5384 405.5715 428.0893 406.1181
424.3641 426.0232 408.092 425.5762
426.9424 473.6812 420.6305 473.0685
428.1083 425.6258 429.0601 446.8891
429.0694 448.0043 431.8214 469.5416
429.3702 411.7817 444.3948 411.0116
430.6624 448.5031 453.1891 446.2715
431.0745 440.623 431.0081 425.6233
431.8393 474.4806 456.7762 473.7034
433.0638 420.1253 459.5291 416.8829
434.303 401.027 420.5467 398.5623
448.2317 412.5176 431.8117 415.244
450.7293 405.7258 445.8159 410.8095
451.9031 442.9452 431.8184 443.4734
455.2781 447.9682 458.7951 468.2257
455.6367 419.2988 454.171 443.1124
456.9105 445.9545 490.673 442.3208
457.1367 469.9144 459.7402 475.4533
458.1285 476.5122 501.8865 476.9336
458.3088 439.5435 460.6614 419.5262
459.366 407.9667 478.1263 406.8974
460.6723 417.622 474.525 416.745
466.1915 420.7135 468.4606 438.2434
475.7524 424.0392 469.0451 421.4947
475.9132 436.8291 475.5781 425.5891
477.3895 413.3891 473.6602 420.8994
477.8094 415.9001 482.1833 440.7905
480.5146 439.553 459.2328 441.7444
481.8387 405.7458 490.6198 405.4631
482.0036 409.4731 451.9197 412.3435
484.3445 412.4934 490.6408 412.8038
487.9966 439.0073 483.7745 411.7743
488.7585 457.9127 485.3666 447.7926
491.8145 442.5412 559.3658 435.5366
493.0724 414.3817 495.9774 436.9903
498.1414 412.4307 508.1696 412.1347
498.4956 426.9967 496.7282 414.2224
501.876 401.4268 549.3744 401.3687
501.9928 476.4421 508.0653 472.4239
503.2812 468.6673 508.001 478.1865
508.0701 472.118 524.4078 471.2275
508.1389 417.39 500.6107 417.5933
510.4742 420.6432 512.1277 434.3445
511.7842 437.2131 501.7591 438.2112
513.113 411.7371 521.8755 411.8318
515.006 434.4638 511.9424 413.1153
519.5525 448.0506 520.0789 458.1534
520.3712 434.3932 519.6523 424.3551
522.7952 444.7043 518.3644 447.286
523.7443 418.0471 525.6409 433.123
524.3731 411.6125 534.3817 411.5396
524.4116 435.9517 516.728 436.8126
527.935 470.6207 535.637 469.4539
528.1785 458.2919 526.0548 443.0651
528.6973 433.2646 526.6192 423.1777
529.4448 477.0001 538.7777 471.7955
530.6139 441.8806 534.4052 449.3597
534.4135 417.1244 528.1356 417.2857
535.1894 448.7917 547.0801 456.5611
535.9474 413.0746 539.0879 433.1699
537.8367 473.0459 565.3955 467.0672
538.0683 434.8911 529.2742 435.5708
541.9662 407.1465 483.0743 409.0835
542.0723 433.0924 538.5582 411.8035
544.7665 409.3129 548.3693 432.0345
548.3822 462.8325 539.728 455.2235
549.3776 410.7321 555.6542 410.5797
551.8422 434.3802 548.2623 411.8532
551.849 476.601 538.1042 477.9066
560.6514 410.2304 576.8859 409.7305
561.8815 407.3176 541.8727 407.1566
562.0536 431.9994 553.1295 433.1595
562.7272 449.0969 559.0485 437.8236
565.7941 402.5814 557.8921 400.1241
566.5667 447.0733 568.4358 449.9791
566.9359 463.4297 585.9266 459.6338
566.9759 424.3558 565.3228 415.6826
567.3031 457.9458 563.3688 448.5462
573.3303 430.7019 564.2183 432.1119
575.6499 433.4216 590.649 432.161
575.899 441.8267 574.7936 435.5513
577.1212 458.4456 572.3119 443.3846
577.202 425.1143 573.3821 432.0172
578.4824 409.5132 581.3755 428.2023
584.6215 428.0808 581.4619 410.4748
584.7583 435.5691 587.869 456.9123
586.8717 406.3803 569.3725 406.496
588.3171 410.5863 591.6617 427.1701
590.4207 459.1367 599.3457 457.9117
593.0213 446.9442 588.9808 440.888
596.2705 454.0975 592.9005 446.259
596.6119 470.1623 552.0864 477.0011
598.65 425.7125 596.9606 411.7138
599.741 432.4566 608.8297 429.9207
600.8228 438.1029 600.612 448.1509
604.3204 453.0634 611.6198 446.5873
605.687 476.2745 590.5859 477.7157
609.272 429.5931 615.5839 428.9634
609.5182 408.3665 613.016 424.3988
610.666 425.8449 600.5518 427.7326
612.9467 454.6303 638.4709 450.0551
616.3776 445.6566 615.5082 431.9618
616.8276 426.8833 613.3007 406.8441
618.09 429.0823 634.4054 427.1286
618.1248 468.1228 596.9034 469.7465
621.8956 407.2204 638.1624 406.2523
624.3183 425.1467 619.2415 425.7484
624.3972 475.7089 614.4347 478.35
633.5355 428.5549 637.8643 437.0085
638.1371 403.2738 608.1335 405.7285
638.223 458.7876 594.5052 465.2549
638.2562 467.7382 629.3323 469.0943
