(3) (132)
(7) (137)
(13) (139)
(14) (133)
(17) (16)
(20) (17)
(22) (23)
(23) (133,148,167)
(26) (169)
(27) (51)
(28) (172)
(29) (168)
(30) (18)
(32) (19)
(33) (20,82)
(34) (181)
(36) (177,189,198,200)
(40) (24)
(41) (174,32)
(42) (27)
(43) (28)
(44) (26)
(45) (29)
(47) (186)
(48,49) (30)
(51) (31)
(55) (214)
(58) (35)
(61,60) (37)
(62) (204)
(63,64) (38)
(65) (40)
(66) (39)
(70) (32)
(71) (44)
(75) (32,48)
(82) (13)
(86,87) (13)
(88) (50)
(91) (59)
(92) (48)
(94) (64)
(95) (48)
(96) (59)
(97) (51,60)
(98) (57)
(100) (57,62,283)
(101) (69)
(104) (71,72)
(105) (70)
(108) (78)
(109) (72)
(110) (74)
(111) (76)
(112) (78)
(114) (79)
(115) (83)
(116) (86)
(117) (84)
(119) (95)
(120) (90,98,106)
(121) (14)
(124,125,129,131) (454)
(140) (456)
(143) (137)
(144) (136,458,457)
(146) (134)
(148) (140,157,164)
(149) (142)
(150) (464)
(151) (143)
(153) (145)
(156) (147)
(157) (150)
(158) (151)
(160) (152)
(164) (146,163)
(165) (155)
(169) (159)
(171) (161)
(175) (162)
(178) (165)
(180) (166)
(185) (163)
(186) (162)
(194) (490,491)
(197) (492)
(199) (183)
(202) (184)
(203) (496)
(205) (173)
(207) (191,201)
(210) (501)
(211) (192)
(212) (504)
(213,214) (187)
(215) (506)
(216) (197)
(222) (209)
(223) (511)
(224) (201)
(225) (513)
(227) (208)
(228) (203)
(229) (206)
(230) (516)
(234) (211)
(236) (223)
(237) (221)
(241) (227)
(243) (211)
(245) (215)
(247) (228)
(250) (229)
(252) (231)
(253) (234,240)
(254) (185,210,218)
(255) (529)
(256) (232)
(257) (237)
(259) (235)
(260) (232)
(261) (238)
(264) (242)
(266) (242)
(268) (247)
(269) (244)
(270) (248)
(271) (254)
(273) (250)
(274) (253)
(275) (246)
(276) (254)
(277) (252)
(282) (255)
(284) (257)
(285) (261)
(286) (258)
(287) (262)
(288) (260)
(289) (245,264)
(290) (265)
(292) (58)
(294) (268)
(296) (58)
(297) (266,272)
(299) (269)
(301) (272)
(302) (274)
(303) (270)
(304) (277)
(305) (278)
(308) (281)
(309) (279)
(310) (58)
(311) (283)
(312) (85)
(313) (287)
(314) (290,292,299)
(316) (93)
(322) (293)
(323) (97)
(324) (105)
(325) (302)
(329) (304)
(330) (292,299)
(332) (112)
(336) (332)
(337) (324)
(341) (324,340)
(344) (343)
(345) (346)
(349) (363)
(350) (361)
(352) (454)
(393) (455)
(394) (456)
(396) (461)
(397) (459)
(398) (462)
(400) (465)
(402) (466)
(404) (471)
(405) (469,473)
(408) (462)
(409) (467)
(413) (472,474)
(414) (470)
(415) (475)
(419) (476)
(421) (480,479)
(425) (482)
(426) (484)
(430) (487)
(431) (488)
(433) (493)
(434) (495)
(435) (495)
(443) (499)
(444) (501)
(446) (505)
(447) (507)
(454) (509)
(455,458) (514)
(457) (510)
(459) (515)
(460) (578)
(462) (517)
(463) (519)
(466) (525)
(467) (522)
(469) (488)
(470) (523)
(472) (529)
(473) (527)
(474) (900)
(478,480,481) (539)
(483) (543)
(484) (547)
(485) (546,542)
(486) (548)
(487) (554)
(488) (552)
(489) (555)
(491) (562)
(493) (557)
(494) (556)
(496) (559)
(500) (564)
(503) (602)
(504) (264)
(505) (273)
(508) (578)
(509) (582)
(510) (580)
(511) (282)
(512) (591,592)
(513) (602)
(514) (285)
(516) (285)
(518) (289)
(519) (610)
(527) (615)
(530) (623)
(531) (626)
(532) (306)
(533) (303)
(534) (618)
(535) (634)
(537) (310)
(540) (635)
(541) (631)
(542) (642,645)
(544) (320)
(545) (633)
(548) (654)
(550) (331)
(551) (335)
(553) (393)
(555) (564)
(556) (660)
(557) (341)
(559) (313,349)
(562) (340,367)
(564) (350)
(565) (345)
(566) (671)
(567) (353)
(568) (356)
(570) (353,364)
(572) (369)
(574) (379)
(576) (393)
(578) (388)
(580) (349)
(581) (391)
(582) (700)
(583) (367,381,394)
(584) (714)
(585) (396)
(587) (397)
(589) (394)
(590) (404)
(591) (736)
(592) (398)
(594) (408)
(596) (417)
(598) (425)
(600) (749)
(601) (431)
(603) (437)
(644) (824)
(645) (824)
(647) (824)
(649) (826)
(650) (457,826)
(651) (457)
(661) (460)
(670) (463)
(673) (838)
(674) (840,839)
(675) (841)
(675) (676)
(678) (843)
(681) (838)
(682) (842,846)
(684) (845)
(688) (849)
(689) (843)
(694) (852)
(695) (852)
(697) (477)
(699) (856)
(700) (856)
(701) (856)
(702) (478)
(709) (858)
(710) (860)
(711) (486,862)
(712) (489)
(716) (868)
(715) (864)
(718) (868)
(719) (869)
(720) (494,503,)
(724) (873)
(726) (497)
(728) (874)
(729) (500)
(731) (876)
(733) (879)
(734) (881)
(735) (883)
(736) (512)
(737) (886)
(738) (885)
(740) (887)
(741) (878,882,899)
(742) (888)
(743) (891)
(744) (890)
(745) (889)
(746) (893)
(747) (521)
(751) (508,520)
(752) (526)
(753) (899)
(757) (899)
(759) (537)
(760) (538)
(761) (911)
(764) (540,558)
(765) (549)
(768) (544)
(770) (916)
(771) (917)
(772) (545)
(773) (915)
(774) (921)
(775) (550)
(776) (919)
(777) (544)
(778) (922)
(779) (921)
(781) (562)
(782) (560)
(783) (553)
(784) (566)
(785) (565)
(786) (567)
(787) (569)
(789) (576)
(791) (577)
(792) (937)
(795) (583)
(797) (941)
(800) (590)
(801) (594,950)
(802) (597)
(803) (600)
(805) (609,612)
(806) (614)
(812) (624,625)
(814) (965)
(819) (974)
(825) (979)
(827) (643)
(829) (621)
(830) (645)
(831) (631)
(832) (627)
(833) (628,636)
(835) (646)
(836) (651)
(838) (638)
(839) (640)
(844) (666)
(846) (669)
(847) (672)
(848) (668,670)
(852) (673)
(854) (1005)
(855) (675)
(856) (673)
(857) (684)
(858) (688,689)
(859) (682)
(860) (679)
(861) (1011)
(863) (693)
(864) (699)
(865) (686)
(866) (701)
(867) (1020)
(868) (707)
(869) (686,702)
(870) (1028)
(871) (703)
(872) (711)
(874) (713)
(875) (1033)
(879) (728)
(880) (724)
(883) (727)
(884) (729)
(885) (733)
(886) (737)
(889) (773)
(890) (739)
(891) (738)
(893) (741)
(894) (754)
(895) (773)
(897) (747)
(899) (767,775)
(900) (755)
(901) (759)
(904) (736,751,761,767,775)
(905) (778)
(910) (785,796)
(913) (784,787,800)
(915) (788)
(916) (771)
(918) (791)
(919) (790)
(920) (789)
(922) (805)
(923) (792)
(925) (799)
(926) (805)
(927) (802)
(929) (801)
(930) (804)
(960) (823)
(961) (824)
(962) (824)
(978) (833)
(988) (825)
(989) (834)
(992) (854)
(993) (835)
(994) (833,844)
(996) (837)
(1002) (844)
(1003) (854)
(1007) (844)
(1010) (827,835,850)
(1012) (853)
(1013) (853,1196,1195)
(1014) (850)
(1015) (855)
(1018) (850)
(1019) (1200)
(1024) (857)
(1026) (858)
(1028) (859,871)
(1030) (1207)
(1033) (863)
(1035) (1212)
(1037) (1214)
(1041) (875)
(1043) (877)
(1045) (1218)
(1049) (1223)
(1050) (1230)
(1053) (871)
(1054) (1237)
(1055) (892)
(1057) (871)
(1059) (1241)
(1060) (897)
(1061) (896)
(1067) (895)
(1069) (908)
(1070) (907)
(1072) (909,924)
(1074) (911,910)
(1075) (912)
(1076) (1253)
(1077) (1253)
(1078) (1253)
(1079) (913)
(1080) (914)
(1081) (1256)
(1082) (926)
(1083) (912)
(1084) (918)
(1086) (920)
(1088) (1267)
(1090) (925)
(1092) (928)
(1093) (927)
(1094) (926)
(1095) (930)
(1096) (931)
(1103) (932)
(1105) (934)
(1106) (933)
(1109) (937)
(1111) (936)
(1112) (938)
(1113) (1287)
(1114) (1287)
(1116) (940)
(1118) (943)
(1119) (947)
(1120) (949)
(1121) (945)
(1123) (952)
(1124) (953)
(1125) (955,1305)
(1127) (957)
(1128) (958)
(1129) (932)
(1130) (959)
(1131) (960)
(1133) (956)
(1135) (963)
(1137) (964)
(1142) (1319)
(1143) (968,977)
(1144) (985)
(1145) (969)
(1147) (971)
(1149) (982)
(1150) (996)
(1152) (987)
(1153) (1000)
(1154) (1000)
(1157) (990)
(1161) (986)
(1162) (995)
(1163) (1002,1004)
(1164) (1007)
(1165) (1010)
(1167) (1008,1014)
(1169) (1006)
(1170) (1019)
(1171) (1017)
(1172) (1012)
(1174) (1018)
(1175) (1009,1013)
(1176) (1029)
(1177) (1024)
(1179) (1034)
(1184) (1015,1022)
(1186) (1023)
(1187) (1032)
(1192) (1049)
(1198) (1082)
(1201) (1032,1050)
(1203) (1093)
(1205) (1097)
(1208) (758)
(1209) (1103)
(1211) (1109)
(1213) (1108)
(1214) (1111)
(1215) (779)
(1217) (1114)
(1220) (1119)
(1222) (1134)
(1223) (1125)
(1128) (1224)
(1226) (795)
(1227) (1141)
(1230) (1141)
(1231) (1137)
(1234) (807)
(1236) (1151,1153)
(1249) (1173)
(1267) (1180)
(1268) (1180)
(1269) (1181)
(1270) (1182)
(1271) (1183)
(1275) (1183)
(1280) (1187)
(1289) (1195)
(1291) (1186)
(1292) (1196)
(1293) (1195)
(1295) (1198)
(1296) (1199)
(1297) (1198)
(1298) (1198)
(1301) (1202)
(1302) (1203)
(1311) (1205)
(1314) (1213)
(1316) (1216)
(1317) (1215)
(1318) (1216)
(1320) (1217)
(1321) (1219)
(1322) (1221)
(1323) (1222)
(1324) (1221)
(1325) (1224)
(1326) (1227)
(1333) (1229)
(1378) (1253)
(1379) (1252,1254)
(1381) (1255)
(1382) (1255)
(1388) (1258)
(1390) (1271)
(1391) (1259)
(1394) (1260)
(1395) (1265)
(1398) (1271)
(1399) (1272)
(1400) (1271)
(1401) (1273)
(1402) (928)
(1417) (1295)
(1420) (1306)
(1421) (1303,1304)
(1422) (1306)
(1424) (1305)
(1425) (1307)
(1428) (1310)
(1430) (1310)
(1433) (1313)
(1440) (1324)
(1443) (1331)
(1444) (989)
(1445) (989)
(1446) (1331)
(1447) (1330)
(1452) (1341)
(1453) (1342)
(1454) (1343)
(1457) (1003)
(1466) (1365)
(1468) (1366)
(1489) (1089)
(18) (167)
(22) (17)
(24) (21)
(26) (144)
(29) (174)
(53) (33)
(56) (36)
(69) (42)
(70) (32)
(77) (225)
(146) (135,146)
(170) (161)
(173,149) (142,165)
(177) (485)
(183) (166)
(198) (178)
(199) (163)
(207) (183)
(212) (505)
(219) (203)
(238) (219)
(242) (492)
(252) (229)
(263) (246)
(275) (258)
(279) (255)
(300) (276)
(397) (463)
(403) (468)
(412) (470)
(437) (499)
(447) (510)
(454) (507)
(455) (515)
(460) (518)
(490) (555)
(491) (553)
(498) (543)
(501) (564)
(504) (267)
(526) (616)
(536) (307)
(538) (630)
(549) (658)
(555) (664)
(557) (310)
(567) (354)
(568) (358)
(670) (467)
(677) (839)
(686,687) (845)
(730) (884)
(740) (888)
(742) (889)
(749,750) (526)
(763) (910,911)
(766) (541)
(776) (918)
(794) (579)
(797) (948)
(804) (601)
(808) (961)
(810) (617)
(812) (619)
(813) (961)
(814) (972)
(835) (985)
(841) (656)
(858) (682)
(864) (701)
(870) (1033)
(873) (706)
(986) (837)
(1028) (897)
(1080) (1253)
(1086) (1261)
(1091) (1270)
(1099) (929)
(1108) (1285)
(1110) (939)
(1114) (1288)
(1122) (1295)
(1166) (1018)
(1172) (1022)
(1181) (1040)
(1322) (1222)
(1338) (1229)
(1348) (1236)
(1351) (1241)
(1381) (1253)
(1409) (1288)
(1452) (1342)