25 2930
79 6246
159 80
167 3164
195 3166
340 1516
341 2279
385 34
386 2304
398 58
399 58
402 4171
414 881
546 8035
552 3766
553 2437
611 1637
621 355
637 2011
669 3239
672 6636
676 11597
695 504
725 3793
730 2265
737 2676
738 1621
739 1622
745 7745
747 4919
751 2728
780 12629
806 644
813 4959
815 2036
816 4827
817 5372
852 2086
855 4997
858 2841
887 761
889 762
893 2135
900 2180
901 2181
916 2232
993 925
1018 34
1033 9036
1078 8
1079 9
1083 81
1148 1935
1199 8629
1225 3766
1232 938
1245 248
1256 889
1264 58
1267 1534
1285 3766
1288 926
1289 1637
1301 931
1305 107
1308 940
1344 4729
1392 1135
1395 884
1400 3745
1421 1621
1427 554
1428 2036
1434 2041
1502 2147
1504 2109
1540 1354
1562 6642
1577 2185
1580 2192
1581 2190
1620 4595
1630 1516
1635 2930
1686 5087
1771 8349
1818 11393
1825 1621
1826 1622
1889 9369
1915 4739
1940 12629
1951 1524
1956 84
1958 1501
1974 1554
1975 1555
2007 1894
2041 1625
2062 4689
2138 4157
2162 11597
2168 1894
2182 4919
2195 1637
2197 11246
2221 7426
2268 1859
2271 4818
2280 4959
2330 4997
2357 4504
2383 2136
2386 4540
2387 4539
2408 5015
2413 5037
2427 7132
2434 1516
2435 1516
2444 2512
2467 3115
2484 2930
2551 881
2560 317
2578 6897
2583 2436
2584 925
2585 2580
2651 2428
2669 5303
2735 2279
2739 2279
2773 93
2832 3079
2842 2437
2919 545
2933 1267
2939 7699
2947 2372
2967 5457
2970 2601
3023 5099
3028 118
3031 9676
3066 7880
3085 1992
3115 7877
3142 2788
3151 2863
3152 2813
3153 4992
3158 5014
3159 2823
3160 2825
3174 5015
3224 92
3259 7162
3266 2279
3272 8
3303 2362
3311 2383
3359 1516
3363 3141
3382 2279
3443 3660
3454 3774
3478 11234
3538 7705
3544 5095
3555 58
3599 2602
3601 1859
3615 1859
3617 870
3619 3174
3666 34
3667 35
3732 3114
3755 3394
3761 940
3764 3183
3766 3191
3798 3231
3818 2811
3820 2680
3821 2757
3828 2676
3835 5372
3837 3504
3854 3523
3885 2765
3897 3699
3900 777
3911 3529
3923 3584
3942 808
3945 2867
3946 1455
3949 3641
3951 3642
3961 823
3972 843
4006 89
4061 3766
4063 926
4076 940
4091 4270
4111 1935
4176 5625
4185 3734
4196 3734
4197 5315
4198 901
4206 1610
4210 6542
4211 6543
4213 3780
4214 2036
4215 1678
4216 4387
4263 3725
4290 3778
4294 2109
4297 1920
4299 1368
4315 8934
4323 2171
4333 6639
4334 6512
4347 6554
4351 2147
4353 2151
4371 1408
4376 4050
4377 2189
4438 4254
4441 1590
4479 3133
4513 1590
4546 1646
4551 931
4552 932
4570 7129
4590 4335
4605 4188
4624 4190
4625 4191
4643 4191
4653 9407
4659 4221
4663 7234
4753 4930
4767 6919
4783 6950
4784 6951
4797 6950
4827 6950
4828 6951
4860 7315
4871 7314
4873 7329
5013 7786
5020 4689
5041 4730
5053 8738
5066 7440
5076 4613
5083 4616
5090 1590
5136 7401
5186 7428
5206 4157
5222 7387
5223 7471
5281 2082
5294 4826
5332 9396
5336 9613
5355 7293
5356 7265
5375 7613
5382 4990
5408 1516
5409 1516
5417 7674
5425 2287
5463 2328
5466 93
5514 5656
5588 5087
5600 9674
5614 9689
5616 7698
5624 9691
5628 2372
5631 2359
5638 7406
5669 2428
5670 97
5691 9526
5692 9525
5727 5099
5736 9676
5746 5146
5753 884
5762 9718
5792 5245
5794 5347
5847 7538
5851 2827
5860 5384
5878 5428
5884 2823
5891 7932
5902 7633
5968 5712
5990 3165
6025 7781
6026 7780
6033 3079
6100 7773
6116 7699
6117 7698
6120 3117
6131 5689
6139 3175
6160 5711
6169 3166
6202 3230
6203 3231
6221 1164
6225 2523
6252 8363
6281 5708
6288 3177
6315 722
6329 7879
6363 5978
6366 5892
6368 5945
6372 8194
6383 5988
6420 5617
6439 2587
6440 928
6448 928
6485 6181
6508 931
6634 3490
6651 6187
6744 3512
6747 3585
6797 3995
6817 6328
6837 3681
6845 8748
6855 3666
6866 6446
6867 6447
6884 3702
6924 5625
6961 3780
6962 4673
6963 4672
6967 962
6983 2748
7023 6537
7063 6543
7089 1393
7100 6509
7105 6512
7107 6642
7115 9064
7121 6534
7127 1422
7137 8749
7159 10898
7184 4081
7222 4254
7257 4190
7258 4191
7275 4191
7295 9687
7366 9044
7418 9042
7421 9048
7426 6941
7431 6949
7439 7171
7454 9045
7455 9046
7456 9107
7457 9108
7458 9048
7463 9072
7474 7303
7495 9334
7496 7075
7511 9600
7548 9600
7590 7171
7640 7155
7642 9404
7646 1991
7669 7215
7677 4176
7687 11150
7706 7263
7715 11074
7746 9458
7750 7334
7753 7331
7813 7401
7886 7371
7922 7403
7939 7415
7941 7421
7966 9554
7992 7116
7994 7469
8022 7531
8023 7293
8025 9589
8034 7609
8063 5232
8104 9689
8110 645
8115 5138
8119 9577
8243 319
8246 9718
8284 7777
8285 9664
8307 7717
8318 7829
8325 11415
8334 5363
8366 7923
8374 7932
8389 9838
8409 7773
8431 7699
8432 7698
8451 8031
8456 11335
8520 7116
8541 9962
8545 5792
8565 5677
8576 9900
8580 9907
8586 5705
8634 8127
8647 9976
8656 10011
8667 8059
8673 8168
8678 8184
8679 8185
8689 10011
8690 8138
8696 8142
8721 10028
8722 8226
8762 7996
8763 3083
8776 5172
8784 5694
8842 12888
8849 7983
8852 8097
8866 12251
8891 6196
8903 5638
8935 8097
8941 5877
8949 8204
8975 8444
8992 8503
9001 6018
9045 3494
9049 3490
9051 6151
9058 6173
9059 12744
9060 6187
9066 6188
9069 5902
9164 3571
9174 8655
9191 8737
9227 3627
9228 3628
9237 5825
9239 8652
9248 8748
9249 8749
9251 8667
9268 3662
9272 3669
9274 3676
9275 3677
9289 8801
9306 6431
9339 6537
9341 12098
9365 6543
9370 6672
9392 5861
9418 8870
9423 10643
9425 8879
9426 8880
9427 9061
9429 9064
9430 8879
9431 8880
9449 10621
9474 9149
9500 8942
9523 4116
9539 9042
9545 9044
9602 9047
9605 9050
9616 9250
9617 9061
9619 9064
9621 9202
9625 9256
9627 9285
9636 7065
9656 10173
9665 9148
9667 9286
9680 9148
9709 11243
9757 9199
9758 9200
9768 9208
9790 9202
9811 9315
9812 9316
9838 11150
9847 10995
9879 7215
9898 12272
9914 7296
10024 10386
10109 7116
10132 7354
10140 7371
10152 11335
10229 9479
10245 9682
10292 1530
10297 9670
10318 11410
10359 11552
10380 11395
10450 7663
10451 7664
10452 7667
10455 8805
10463 9667
10465 7777
10496 9915
10498 7717
10518 7854
10583 7987
10591 12828
10621 9908
10652 9944
10658 8234
10677 8127
10681 8046
10704 8168
10713 8180
10716 10124
10726 10011
10736 8223
10749 11606
10753 9993
10803 8363
10804 8365
10807 8031
10845 10310
10885 3066
10890 11666
10919 11661
10923 10006
10925 10539
10953 5925
10972 8655
10988 11788
11029 5946
11030 5947
11033 8652
11058 10493
11067 10456
11072 11930
11095 10392
11120 4006
11122 6369
11123 6370
11126 6377
11136 8879
11146 8748
11147 8749
11184 6418
11194 6438
11200 10643
11220 10650
11232 7215
11242 6425
11244 6470
11262 10485
11270 6470
11274 8817
11304 8870
11336 7094
11337 10621
11388 9174
11423 8114
11434 11256
11465 10985
11485 9148
11510 12277
11570 12400
11626 11071
11633 12736
11657 9345
11694 11239
11725 9479
11777 9491
11787 11305
11788 11307
11792 11360
11797 11222
11798 11227
11800 11304
11802 11358
11804 11360
11836 1530
11971 11335
11983 12648
12005 9915
12019 12276
12036 11396
12090 9962
12094 9866
12122 5607
12133 9965
12145 12518
12147 11496
12148 12538
12165 11540
12174 11566
12179 11656
12190 11562
12203 11613
12210 12566
12237 11629
12241 10180
12261 11593
12266 10196
12344 10364
12355 10447
12376 10366
12415 8481
12418 11925
12421 4714
12436 5388
12445 12482
12521 961
12531 8879
12535 8879
12554 6978
12619 3066
12626 10910
12638 12148
12644 10970
12657 11182
12659 10985
12702 12204
12716 12737
12730 12234
12731 9316
12757 11093
12774 11146
12818 11222
12821 3062
12854 11304
12986 11335
12994 12518
13023 12518
13024 11539
13036 986
13073 12572
13105 12682
13118 12565
13131 12699
13152 11787
13164 12693
13166 11804
13196 10526
13199 10528
13200 10529
13213 10526
13237 10740
13238 10686
13251 8833
13275 10834
13276 10833
