4 133
12 142
23 22
24 149
24 168
26 19
27 145
27 170
28 52
30 175
33 23
34 183
37 169
37 200
39 28
41 25
42 33
44 29
45 27
49 31
50 31
54 34
56 52
57 37
59 32
61 39
64 42
66 30
67 40
70 43
71 33
72 45
74 229
76 33
76 49
78 226
87 51
89 44
93 49
96 58
97 60
98 52
98 61
101 98
102 70
106 75
108 77
110 71
117 94
122 109
147 136
147 147
149 165
150 143
150 166
151 465
152 144
154 146
157 148
158 151
159 152
161 153
165 147
166 156
170 160
171 162
174 166
175 161
176 163
184 167
190 186
191 176
197 182
198 195
198 218
200 164
202 174
203 185
204 497
208 192
211 503
212 193
213 506
216 507
217 198
220 204
223 210
224 525
225 202
228 209
230 214
231 518
235 212
237 224
239 220
242 228
243 493
244 225
245 228
246 530
247 222
253 230
254 235
255 184
256 537
258 238
260 236
261 233
263 239
264 247
265 243
268 253
269 255
270 245
271 249
274 251
275 254
276 241
276 259
278 248
283 256
285 258
286 262
288 263
289 261
290 265
291 266
295 269
297 284
298 273
300 270
303 275
309 282
310 280
312 289
321 302
323 294
324 90
325 315
326 303
330 63
330 300
331 313
332 312
337 113
398 464
399 463
401 466
403 467
405 472
406 474
410 468
413 471
414 473
416 476
420 477
422 480
422 481
426 483
431 494
432 489
438 508
444 500
444 511
448 508
448 520
455 510
456 515
458 511
458 526
461 519
464 520
465 523
467 526
474 528
475 906
477 250
479 540
481 540
482 540
485 548
486 543
486 547
487 549
488 555
489 553
490 556
491 556
492 554
494 558
495 557
497 560
499 544
502 565
504 603
505 268
506 274
509 579
510 589
511 581
512 283
513 592
513 593
514 603
517 286
519 292
520 611
523 296
524 627
530 624
533 307
535 619
539 635
542 632
577 638
650 841
662 479
666 842
678 840
684 839
687 846
688 846
689 850
690 844
698 478
700 853
701 857
702 857
707 496
709 487
712 867
713 490
717 871
720 870
721 495
721 504
724 873
727 498
729 501
731 885
734 880
735 884
737 513
739 886
740 889
741 890
742 879
742 883
742 900
744 892
745 891
747 894
748 522
749 527
753 901
754 900
757 536
759 906
760 538
761 539
764 911
764 912
765 541
765 559
767 542
771 917
772 918
773 546
775 922
776 551
777 919
778 545
779 923
780 922
782 563
783 561
784 562
785 567
786 566
787 568
788 570
790 577
792 578
793 938
795 580
798 949
801 591
802 595
802 951
803 598
804 601
805 602
806 613
807 615
809 962
811 618
812 979
813 620
814 964
815 973
819 639
820 975
826 980
827 644
830 622
833 660
836 647
838 651
840 648
842 657
846 664
847 670
852 676
853 675
891 748
1011 851
1015 855
1016 856
1018 859
1025 858
1026 1212
1027 865
1029 898
1036 1213
1038 1215
1040 872
1044 878
1046 1219
1050 1224
1054 872
1056 893
1060 1242
1061 902
1063 896
1067 903
1070 909
1071 908
1076 913
1080 914
1081 1254
1082 1257
1084 913
1087 1262
1091 926
1092 1271
1093 929
1094 928
1095 927
1096 931
1097 932
1104 933
1106 936
1107 932
1107 934
1109 1286
1110 938
1111 940
1112 937
1113 939
1114 1288
1117 941
1119 944
1120 948
1121 950
1122 946
1124 953
1125 954
1126 956
1128 958
1129 959
1131 960
1132 961
1136 965
1138 967
1143 1325
1145 986
1146 970
1148 993
1151 997
1154 1001
1155 1001
1160 1005
1162 996
1185 1010
1219 1072
1297 1200
1299 1199
1303 1204
1317 1217
1318 1216
1321 1218
1327 1228
1347 1231
1350 1237
1382 1254
1392 1260
1398 1270
1409 1280
1410 1289
1411 1291
1412 1283
1418 1296
1422 952
1424 1304
1426 1308
1427 1305
1429 1311
1438 1312
1441 1323
1453 1343
1456 1340
1457 1331
1458 1348
1459 1339
1467 1350
1472 1354
