12 142
21 22
23 18
24 149
24 168
27 145
27 170
28 133
30 175
31 19
33 20
34 21
37 169
37 200
39 28
41 25
42 33
44 29
45 27
46 30
49 31
50 31
52 32
54 34
57 37
59 36
64 39
66 41
67 40
68 42
70 43
71 33
72 45
76 33
76 49
78 226
89 44
89 46
96 58
97 60
98 52
98 61
99 69
101 289
102 70
108 73
110 77
113 71
115 85
116 285
117 94
134 138
147 136
147 147
149 165
150 143
150 166
151 465
152 144
154 146
157 148
158 151
161 153
165 147
166 156
170 160
171 162
174 166
175 161
176 163
178 486
184 167
189 172
190 186
191 176
195 496
199 179
200 164
200 184
201 182
202 174
203 185
204 497
208 184
208 192
211 503
212 193
213 506
216 507
217 198
220 204
223 210
224 525
225 202
228 209
230 214
231 518
235 212
237 224
239 220
243 493
244 225
246 530
247 222
248 229
250 228
253 230
254 235
255 211
255 219
256 537
257 233
258 238
260 236
261 233
263 239
264 247
268 253
269 248
270 245
271 249
272 255
274 251
275 254
276 259
277 255
283 256
285 258
286 262
288 263
289 261
290 246
290 265
291 266
295 269
297 59
298 273
300 270
301 277
303 275
306 279
309 282
310 280
311 300
313 92
314 288
315 291
317 84
318 98
320 292
323 294
325 306
326 303
327 111
328 116
329 317
330 63
344 337
397 467
399 463
401 466
404 469
405 472
406 474
410 468
411 473
412 464
415 471
416 476
420 477
422 480
422 481
426 483
427 485
431 494
432 489
438 500
441 510
445 502
448 511
455 508
456 516
458 526
460 517
461 519
465 216
467 526
469 520
474 528
475 906
477 242
479 540
481 540
484 544
485 548
486 543
486 547
487 549
488 555
489 553
490 556
491 556
494 558
495 557
497 560
502 565
504 603
505 268
506 274
509 579
510 583
511 581
512 283
513 592
513 593
514 603
517 286
519 290
520 611
526 295
527 617
528 616
531 624
532 627
535 619
536 635
539 640
542 632
543 644
545 321
546 649
549 655
550 659
551 332
552 354
554 314
556 665
557 661
558 311
565 351
567 672
582 392
603 399
604 717
605 399
675 841
679 844
682 839
683 847
687 846
688 846
690 844
691 850
695 853
696 853
698 461
700 857
703 479
707 491
707 492
709 487
711 861
712 869
713 490
715 867
720 870
721 495
721 504
724 873
725 874
727 498
730 501
731 885
734 880
735 882
736 884
737 513
738 887
739 886
741 889
743 890
744 892
745 891
747 894
748 522
749 895
750 527
751 527
753 901
754 900
757 536
759 905
760 538
761 539
764 911
764 912
765 541
765 559
767 542
769 545
771 917
772 918
773 546
775 922
776 551
777 919
779 923
780 922
782 563
783 561
784 562
785 567
786 566
787 568
788 570
790 577
792 578
793 938
795 580
796 584
797 586
798 942
801 591
802 595
802 951
803 598
804 601
805 602
806 613
807 615
813 620
814 962
815 973
816 622
817 979
818 630
820 975
824 628
826 980
831 644
832 641
833 629
834 646
837 652
841 651
842 657
846 660
847 670
848 673
849 666
853 674
855 1006
856 676
858 685
859 683
860 679
861 680
864 688
865 700
867 702
868 1021
870 703
872 704
873 692
874 707
877 713
884 1057
888 712
890 709
899 720
900 725
901 722
908 720
911 726
913 1074
939 826
943 828
990 835
995 834
997 838
1001 852
1003 845
1008 845
1011 851
1016 856
1020 1201
1025 872
1026 1212
1029 898
1031 1208
1036 1213
1038 1215
1040 860
1042 876
1044 878
1046 1219
1050 1224
1056 893
1060 1242
1063 896
1067 1241
1069 902
1070 909
1071 908
1076 913
1080 914
1081 1254
1084 913
1087 1262
1091 926
1092 1271
1093 929
1094 928
1095 927
1096 931
1097 932
1100 930
1104 933
1106 935
1107 934
1109 1286
1110 938
1111 940
1112 937
1113 939
1114 1288
1115 1289
1117 941
1119 944
1120 948
1121 950
1122 946
1123 1296
1124 953
1125 954
1126 956
1128 958
1129 959
1131 960
1132 961
1134 957
1136 964
1137 969
1138 967
1143 1320
1145 986
1146 970
1148 1002
1151 997
1154 1001
1155 1001
1160 1005
1162 991
1164 1003
1165 1008
1166 1011
1167 1019
1168 1015
1171 1020
1172 1018
1173 1013
1176 1010
1177 1028
1178 1025
1180 1035
1181 1030
1182 1041
1183 1033
1185 1016
1185 1023
1193 1050
1198 1049
1199 1055
1201 1026
1202 1051
1207 1063
1215 1059
1218 1056
1223 1066
1252 1171
1271 1183
1272 1184
1285 1195
1290 1196
1297 1200
1299 1199
1303 1204
1317 1217
1318 1216
1321 1218
1323 1223
1324 1223
1325 1222
1327 1228
1333 1227
1339 1230
1347 1231
1350 1237
1382 1254
1389 1257
1398 1270
1409 1280
1410 1289
1411 1291
1415 1284
1424 1304
1425 1297
1426 1308
1427 1306
1429 1311
1433 1305
1438 1312
1444 1332
1450 1314
1453 1343
1455 1321
1456 1340
1459 1339
1461 1331
1463 1014
1466 1344
1467 1004
1468 1377
1472 1354
1477 1359
1482 1347
1483 1366
1484 1367
1490 1044
