19 168
22 169
23 18
24 149
25 22
27 145
27 170
28 133
30 175
31 19
33 20
37 215
39 28
41 25
42 33
44 29
45 27
46 30
49 31
50 31
52 32
54 34
56 52
57 37
64 39
66 41
67 40
68 42
70 43
71 33
72 45
76 49
78 226
89 51
96 63
97 264
98 52
134 138
147 136
147 147
149 165
150 166
151 465
152 144
154 146
157 148
158 151
161 153
165 147
166 156
170 160
171 162
174 166
175 161
176 163
178 486
184 167
189 172
190 186
191 176
195 496
199 179
200 164
200 184
201 182
202 174
203 185
204 497
208 184
208 192
208 202
212 193
213 506
216 507
217 198
220 204
223 210
224 525
225 202
228 209
235 212
237 224
239 220
242 228
243 493
244 225
245 228
246 532
247 222
248 229
253 230
254 234
255 211
255 219
256 537
257 233
258 238
260 236
261 233
262 239
264 247
265 243
269 248
270 245
271 249
272 255
274 251
275 254
276 259
277 255
278 253
280 256
285 258
286 262
288 263
289 261
290 246
290 265
291 266
293 59
295 269
298 273
300 270
301 277
303 275
304 271
305 280
306 279
309 282
311 305
314 288
316 292
323 294
326 303
330 313
334 345
398 464
399 463
401 466
403 467
404 469
405 472
406 474
413 471
414 473
416 476
420 477
422 480
422 481
427 485
431 494
432 489
438 500
445 502
448 511
455 508
456 516
458 526
460 518
461 519
465 216
467 526
468 530
469 520
474 528
475 906
476 231
477 242
479 540
481 540
485 548
486 543
486 547
487 549
488 555
489 553
490 556
491 556
492 554
494 558
495 557
497 560
499 544
502 565
504 603
505 268
506 274
509 579
510 583
511 581
512 283
513 592
513 593
514 603
515 286
517 286
519 290
520 611
523 296
526 295
527 617
528 616
531 624
532 627
533 307
535 619
536 635
537 308
539 631
542 632
543 643
545 321
546 649
548 331
549 655
550 659
554 314
556 665
557 661
558 311
560 368
560 382
565 351
566 346
567 672
568 355
569 359
571 365
577 350
581 394
592 370
593 713
594 395
597 715
600 399
602 718
605 774
631 842
635 833
659 460
662 461
671 468
684 839
690 850
700 853
707 491
707 492
709 487
712 869
713 490
715 867
721 495
721 504
727 498
728 874
730 501
734 880
735 882
736 884
738 887
739 886
741 889
742 879
742 883
742 900
743 890
744 892
745 891
747 894
748 522
749 895
750 527
751 527
753 901
754 900
757 534
760 538
761 539
764 911
764 912
765 541
765 559
767 542
769 545
771 917
772 918
773 546
775 922
776 551
777 919
779 923
780 922
782 563
783 561
784 562
785 567
786 566
787 568
788 570
790 577
792 578
793 938
795 580
796 584
797 586
798 949
801 591
802 595
802 951
803 598
804 601
805 602
806 610
807 615
809 962
811 618
812 979
813 620
814 962
815 973
818 630
820 975
824 628
826 980
830 622
831 644
832 641
833 629
834 646
836 986
837 652
838 651
840 650
841 656
842 657
847 670
848 673
849 669
849 671
853 674
855 1006
856 676
858 685
859 683
860 679
861 680
862 1012
863 687
864 675
865 702
868 1021
870 703
874 707
876 1034
885 711
888 1057
901 722
903 720
908 1065
911 699
914 706
919 719
922 712
924 1039
925 704
927 695
929 705
931 1042
943 855
964 462
1002 840
1012 856
1019 864
1029 898
1038 1215
1058 872
1061 902
1063 896
1067 1241
1069 907
1070 909
1076 913
1080 914
1081 1254
1084 913
1087 1262
1089 1268
1090 920
1091 926
1092 1271
1093 929
1094 928
1095 927
1096 931
1097 932
1100 930
1104 933
1106 936
1107 934
1109 1286
1110 938
1111 940
1112 937
1113 939
1114 1288
1115 1289
1117 941
1119 944
1120 948
1121 950
1122 946
1123 1296
1124 953
1125 954
1126 956
1128 958
1129 959
1131 960
1132 961
1134 957
1136 964
1137 969
1138 967
1143 1320
1146 970
1148 993
1151 997
1154 1001
1155 1001
1158 991
1160 1005
1164 1003
1165 1008
1166 1011
1167 1019
1168 1015
1171 1020
1172 1018
1173 1013
1176 1010
1177 1028
1180 1035
1182 1041
1183 1033
1185 1016
1185 1023
1193 1050
1199 1052
1201 1026
1202 1051
1206 1049
1215 1046
1216 1036
1219 1040
1231 1030
1235 1025
1324 1219
1350 1237
1382 1254
1398 1270
1409 1280
1410 1289
1411 1291
1422 952
1424 1304
1426 1308
1427 1306
1428 1297
1429 1311
1441 1325
1442 1323
1444 1332
1453 1343
1456 1340
1457 1312
1460 1314
1474 1354
1483 1004
1484 1359
1488 1377
1490 998
1496 1381
1497 1331
1500 1334
1504 1350
1506 1345
