23 18
24 149
24 168
25 22
27 145
27 170
28 133
30 175
31 19
32 177
33 20
35 185
37 169
37 200
39 28
41 25
42 33
44 29
45 27
46 30
49 31
50 31
52 32
54 34
56 52
57 37
59 36
64 39
66 41
67 40
68 42
71 33
72 45
74 229
76 33
76 49
78 226
89 44
89 46
93 49
97 60
98 52
98 61
99 58
101 63
105 66
112 69
114 70
117 76
133 135
134 138
136 137
147 143
149 165
151 465
152 144
157 148
158 151
159 152
161 153
165 147
166 156
171 162
174 166
175 161
176 163
184 167
190 186
191 176
198 195
198 218
200 164
201 182
206 174
212 193
216 507
217 198
220 204
224 525
225 202
228 209
230 210
235 212
237 224
239 220
242 228
243 493
244 225
245 228
246 532
247 222
253 230
254 234
255 184
255 192
256 537
257 233
258 238
260 236
261 233
262 239
264 247
265 243
269 248
270 245
271 249
272 255
274 251
275 254
277 255
278 253
280 256
285 258
286 262
287 259
288 263
289 275
290 246
290 265
291 266
295 269
297 59
298 267
298 273
300 270
309 282
313 289
314 279
318 84
326 303
330 305
386 458
390 459
399 463
401 466
403 467
404 469
405 472
406 474
408 464
411 473
412 464
413 471
414 475
416 476
417 480
420 477
422 481
426 483
428 494
432 489
435 502
436 503
444 500
445 506
448 508
451 515
456 517
458 511
458 526
460 518
461 519
464 520
465 216
467 526
474 528
475 906
477 242
479 540
481 540
482 540
485 548
486 543
486 547
487 549
488 555
489 553
490 556
491 556
494 558
495 557
497 560
499 544
502 565
504 603
505 268
506 274
509 579
510 589
511 581
512 286
513 592
513 593
514 603
517 271
519 290
520 611
523 296
524 627
531 621
532 617
539 635
542 632
662 479
669 846
671 468
678 853
684 839
689 850
694 857
701 863
707 496
712 867
714 490
717 871
720 870
721 495
721 504
725 874
727 498
730 501
731 885
734 880
735 882
736 884
737 513
739 886
740 889
742 879
742 883
742 900
745 891
747 894
748 522
752 490
753 901
754 892
757 536
759 906
760 538
761 539
764 911
764 912
765 541
765 559
766 542
766 550
769 545
771 917
772 918
773 546
774 916
775 922
776 551
777 919
779 923
780 922
782 563
783 561
785 567
786 566
787 568
788 570
790 577
792 578
793 938
795 580
796 588
797 586
798 942
801 591
802 595
802 951
803 598
804 601
805 602
806 613
807 615
809 962
811 618
812 979
813 620
814 962
815 966
818 630
820 975
824 628
825 641
829 633
830 622
836 647
838 651
840 650
842 657
846 656
847 670
849 660
852 671
860 1006
868 1012
876 1040
943 830
952 836
955 1179
957 1183
964 840
964 841
979 849
981 838
984 855
990 835
995 845
999 856
1003 845
1011 851
1014 1197
1017 864
1021 866
1022 868
1029 860
1030 1212
1031 1213
1038 1215
1040 872
1044 878
1046 1219
1050 1224
1054 872
1055 1238
1056 893
1057 1237
1059 905
1062 902
1064 907
1070 909
1071 908
1073 910
1076 913
1080 914
1081 1254
1084 913
1089 1268
1091 926
1093 1271
1093 1273
1094 928
1095 927
1096 931
1097 932
1100 930
1104 933
1106 935
1107 934
1110 938
1112 937
1113 939
1114 1288
1117 941
1119 950
1120 948
1122 946
1123 1296
1124 940
1124 944
1125 954
1126 956
1128 958
1129 959
1131 960
1132 961
1136 964
1138 974
1145 986
1146 970
1154 1001
1155 1001
1164 1003
1173 1033
1175 1019
1178 1018
1179 1025
1186 1035
1191 1017
1207 1030
1250 1182
1281 1196
1289 1200
1317 1217
1318 1216
1324 1223
1339 1230
1341 1228
1352 1242
1382 1254
1389 1257
1393 1256
1398 1270
1409 1280
1410 1289
1411 1291
1417 1284
1422 1297
1424 1304
1426 1308
1429 1311
1435 1306
1443 1323
1459 1335
1464 1004
1466 1337
1467 1343
1468 991
1472 1349
