6 18
10 12
11 24
14 35
16 39
17 44
22 282
23 48
24 36
25 53
31 49
33 64
35 67
37 69
38 74
39 73
40 76
41 78
43 79
45 86
55 110
63 132
67 134
76 167
78 170
81 173
83 199
84 196
88 201
90 206
96 227
97 234
98 235
99 233
100 10
101 16
104 249
105 252
107 23
108 243
109 253
110 32
111 258
112 30
113 261
114 268
115 271
116 38
117 270
118 275
119 279
120 277
121 281
123 280
125 284
126 285
127 292
128 294
129 293
131 298
132 55
133 300
134 301
135 61
136 65
138 80
139 72
141 75
142 81
143 323
145 82
146 89
149 97
150 101
151 95
152 115
153 109
154 333
156 332
159 334
160 119
161 123
162 125
163 128
164 127
165 129
166 336
167 335
168 340
170 338
171 342
174 345
175 351
181 348
183 169
184 188
185 191
186 190
187 195
188 203
189 213
190 212
191 215
193 214
201 344
211 220
216 221
217 222
223 372
224 365
226 367
227 368
228 370
229 364
230 373
231 361
232 374
233 376
234 378
235 381
236 257
237 383
238 384
239 272
240 385
241 386
242 388
243 390
244 391
245 394
246 467
247 396
248 289
249 399
250 302
251 471
252 400
253 308
254 310
255 311
256 402
257 403
258 404
260 407
261 413
264 320
265 325
266 327
267 415
268 346
269 347
271 418
273 422
274 426
275 425
276 428
277 430
278 350
279 432
280 433
281 434
282 352
283 435
284 439
285 441
286 444
304 494
305 448
306 445
307 450
308 451
309 453
311 557
312 458
313 459
314 460
315 561
316 462
317 464
318 466
320 573
321 575
322 463
323 469
325 478
326 472
327 476
328 481
329 483
330 484
331 485
333 590
334 489
338 490
339 475
340 498
341 499
342 416
343 501
344 504
345 506
346 505
347 507
348 508
349 509
350 510
351 420
352 511
353 512
354 421
355 516
356 513
357 514
358 517
359 515
361 518
362 605
363 521
364 520
365 519
366 522
367 524
368 525
369 526
370 527
371 503
372 528
374 529
375 530
376 532
377 531
378 533
380 535
381 536
382 537
383 538
384 539
385 540
389 542
390 546
391 544
395 548
396 547
404 550
405 551
406 639
407 555
408 645
409 560
410 651
411 563
412 654
413 562
414 564
418 568
419 567
420 571
421 574
422 679
424 576
425 580
426 584
429 591
430 707
431 706
432 712
433 599
434 598
436 713
437 715
438 716
439 606
440 719
441 723
442 609
443 730
445 739
469 622
470 626
473 627
476 634
481 558
483 631
484 647
487 667
493 681
494 677
497 672
501 683
504 690
507 583
511 696
513 699
516 700
519 502
524 705
525 708
527 709
530 711
538 710
543 717
544 720
546 722
