0.26699 20.1683 18.0957 23.2921
0.4199 71.6826 47.079 75.8297
18.1953 24.1014 39.9369 29.6886
22.2352 62.2855 7.8357 59.8029
33.1797 69.7654 9.3671 68.2496
36.8471 41.9936 47.1588 44.4178
37.7067 73.2991 50.254 68.4207
42.0267 29.9638 82.2055 39.1851
45.7208 39.8424 38.03 38.9014
45.8287 64.966 40.5594 63.3372
51.8707 60.5625 61.8239 59.8798
55.5894 68.017 109.6401 50.1782
70.48 60.1716 53.153 65.7127
81.3075 40.9675 147.814 -0.62133
93.0507 49.1638 111.6908 42.6017
102.0114 49.7901 79.4797 57.1937
102.0993 76.2931 78.4927 84.2201
111.7992 60.3693 139.461 52.165
114.2984 49.1384 158.2931 34.8941
118.1745 40.7861 128.3652 37.6576
119.5206 79.3722 120.376 123.1299
128.3547 41.2673 117.9034 45.0053
128.7342 79.3605 130.2493 143.1339
142.0373 51.205 159.5639 46.3002
151.7802 44.0736 50.3426 75.9772
152.5757 68.1066 153.9859 121.8524
159.3222 34.8867 217.964 40.936
160.6618 30.7366 133.2538 39.7659
161.8644 45.7227 188.0756 48.5786
174.3993 40.8986 151.855 42.8997
175.3265 0.42772 162.9007 19.2267
176.6546 55.9725 139.537 65.0384
176.9184 27.8046 242.0769 36.6349
179.792 73.118 179.8759 93.1229
185.6998 43.9219 175.5633 42.249
185.9298 59.7554 179.684 64.7606
190.7351 25.7718 178.1113 24.5122
195.6841 60.1225 186.7635 59.0735
198.6267 79.3959 199.2555 101.9132
198.8982 53.1285 198.9716 63.128
204.547 57.4248 215.5066 53.9966
207.2874 59.3945 208.3035 103.1208
212.0457 22.134 218.9978 17.5527
213.7893 60.6117 213.9652 69.3832
214.4701 37.2823 180.5875 33.457
214.576 70.6167 215.663 96.8734
217.7873 46.0341 200.5563 52.954
221.7685 17.5513 218.5261 11.0482
236.8775 45.4137 251.8754 45.5929
239.3628 48.5003 220.6326 47.8914
242.9401 32.9997 194.2726 24.9981
258.1949 49.6944 244.3353 48.6534
259.2981 41.6021 230.6273 39.3456
270.148 29.1766 265.8646 39.4747
270.6289 49.8757 260.6198 49.9536
273.5271 67.5284 241.9337 86.9703
284.0458 54.8403 277.3322 68.3522
294.2156 52.4194 286.7252 67.4242
296.8807 21.2814 287.0222 41.9452
299.375 15.625 300.625 15.625
300.6399 30.6287 303.124 20.6248
320.6221 43.1248 321.2451 35.573
324.4142 52.2377 295.6651 50.9672
341.9051 53.7766 324.3271 54.5871
349.3049 52.1096 360.3185 55.4006
353.9516 65.7301 361.7692 62.839
354.4554 63.6001 343.845 56.4068
358.1025 47.8828 349.3122 48.6978
370.9977 54.3222 382.0577 57.4862
371.2455 48.184 372.1989 38.1558
378.1843 68.5271 368.0364 70.0245
379.1925 76.4034 374.0022 78.4116
384.5099 62.6913 390.563 64.5742
389.1375 77.2718 382.8835 73.5285
389.7596 55.5808 390.2013 59.4237
391.4327 54.6683 394.8813 59.8683
404.5187 62.451 394.4437 60.3029
404.6695 72.284 413.967 75.5401
408.3839 70.8485 394.2705 67.2892
411.7463 60.6792 413.7245 65.3723
413.0231 77.7925 419.4368 75.8266
415.0549 64.883 449.7037 96.6305
450.6814 49.7266 434.2525 52.3609
454.3645 55.7514 471.9509 57.2083
459.4563 71.876 459.1754 95.6226
468.3106 60.6213 469.0622 98.1313
469.0163 42.6121 499.1743 57.2874
472.0779 50.3089 451.9303 47.6985
473.5108 59.3491 475.9411 95.6038
478.8846 54.1796 472.7899 51.3456
481.2445 64.3313 483.3684 94.446
499.0629 57.1929 519.2668 65.8768
505.1138 67.0291 479.8251 57.8222
519.1399 72.4415 504.7549 66.4717
519.6647 66.126 543.9346 75.5136
544.4416 74.8457 580.6409 77.9397
15.8302 147.2057 0.52097 156.7074
35.6635 147.0622 15.4889 151.2135
37.9019 144.1039 48.9021 135.0504
49.7993 127.5931 30.9741 138.7159
51.1379 101.859 51.9197 126.8736
54.949 139.3732 54.8281 101.8735
56.7713 99.8964 63.246 98.9748
57.7666 103.129 58.1588 138.1246
61.2419 135.6378 60.7879 113.1217
62.1715 159.397 0.48518 173.7751
63.8805 111.8962 64.7374 131.8595
65.1037 91.712 50.6831 97.0325
65.4713 101.5575 63.137 111.8777
70.1819 129.383 69.5024 91.8501
71.8142 84.0073 0.55794 79.0984
77.0299 133.3152 63.8673 144.0364
77.4585 85.618 77.9202 124.3774
79.5576 123.1263 79.1195 183.1231
91.6532 151.8582 90.5734 85.6055
103.3445 150.1033 92.7959 153.2832
104.1651 91.8809 105.711 146.8726
105.5586 154.0647 140.5608 146.575
112.0681 84.3716 113.1843 146.8739
113.1821 148.5508 104.2574 149.7484
116.4206 141.8512 114.7344 85.6142
120.4611 124.3825 121.1518 139.4082
120.8795 154.3525 106.9507 157.2399
123.2588 99.3692 122.3891 79.3527
124.1408 136.8813 123.1988 101.873
133.0844 138.126 131.6737 80.5993
138.4112 150.741 125.6842 153.4076
154.2759 132.6281 243.2271 114.8871
155.2318 123.9707 176.1316 103.6459
155.3818 138.5298 141.9017 143.2022
155.5884 135.6481 160.4047 143.2643
158.0394 123.9622 185.6475 118.2334
167.3946 103.8742 177.9179 96.5764
169.3819 143.3516 159.3532 143.6554
173.2336 142.4375 229.0907 131.6527
176.0134 96.8841 175.6323 60.6381
181.8711 93.1203 196.9231 80.6832
184.7967 122.8892 156.8687 128.0909
189.1019 116.9459 267.3268 98.8256
198.1538 98.1616 191.0957 103.7225
201.8957 109.4239 190.5629 114.2286
204.5914 99.3711 203.8976 60.6112
211.3187 99.3665 210.9809 71.8706
213.2324 128.6861 160.5102 138.7751
217.0145 116.2627 191.5907 121.8255
217.9517 101.4581 202.5452 109.4216
219.8419 102.2836 224.3448 98.0926
229.5332 87.0677 267.2574 56.0906
229.5981 132.6512 249.3994 126.9598
235.6749 88.1668 225.3906 100.4284
240.5405 91.5613 254.616 87.7694
240.7619 85.8471 233.9997 90.0163
244.1739 113.9852 273.102 110.4374
249.6956 109.539 219.2754 116.4358
250.6254 126.877 256.8845 125.6744
255.8251 120.4423 212.9572 128.4801
257.1821 137.2376 178.2016 152.2772
258.3668 90.293 231.6647 97.3268
262.2681 98.2802 271.302 75.3988
263.1973 123.0568 304.3919 125.3162
264.6108 106.7928 253.0739 109.1221
268.5013 90.6925 273.7639 92.3675
274.3054 111.5855 306.9059 113.9494
275.4896 90.5768 275.9212 100.5582
275.7338 98.9531 635.8361 122.3812
276.8867 118.3502 256.811 119.3892
294.4037 151.8801 297.1505 136.4783
294.4753 136.441 258.0684 138.2088
298.8343 141.8942 303.708 279.3543
300.5913 88.5046 319.415 90.1738
304.446 120.9976 278.0653 118.8632
304.8133 135.9856 300.2333 141.5527
308.0944 113.7577 493.1451 122.71
314.3886 125.5874 316.9987 126.5336
318.0903 126.4521 376.8942 128.917
318.1261 135.6491 304.2373 136.2639
325.6321 90.5171 354.3398 92.4093
358.0559 92.7937 388.0741 95.0521
378.0053 129.009 380.6331 128.1499
378.8461 84.8046 366.216 73.7027
380.6247 129.3713 386.9355 128.8275
388.094 128.7227 601.9175 139.8043
393.0681 95.1959 409.4129 96.3288
415.6132 97.0502 430.6293 98.0612
439.7326 94.3654 417.5644 78.4168
446.9324 102.3277 298.054 91.6112
451.1132 99.4778 439.7868 94.6573
454.588 96.8568 452.6687 74.414
473.0273 99.3806 470.7874 60.6156
481.8904 102.9748 449.4731 99.664
483.4103 95.301 490.7342 101.751
490.8625 104.2309 482.1524 102.7467
494.3097 122.745 638.1876 133.5403
499.3181 102.5883 513.1793 103.6943
515.0048 99.1767 515.8337 101.8093
519.3244 103.7942 538.1558 105.2179
543.2516 85.2682 530.5741 80.7685
544.3824 105.5288 568.0873 107.3628
545.8451 83.463 550.4995 80.4323
546.724 82.195 542.2097 80.0646
550.4998 87.9595 559.8655 80.8715
561.9072 132.439 311.8721 120.6871
568.0705 87.009 577.9598 91.0312
572.3011 91.8339 556.9146 86.7549
574.2914 107.8245 589.3945 109.1537
580.5109 93.4535 590.5972 96.9552
580.6705 81.1376 560.8267 82.8984
589.3804 100.6136 572.7183 92.7352
594.3529 109.642 608.1121 110.7812
594.482 148.2077 319.357 136.0325
606.8715 140.6634 618.1405 141.7077
609.4348 113.5566 498.1393 105.4286
611.8756 151.8518 598.1022 151.4885
616.8797 155.6665 638.1403 153.2604
629.3538 138.3904 565.7095 133.315
630.5002 119.638 611.8058 110.7709
0.23413 160.1943 48.0548 149.073
0.58548 167.9675 59.3964 153.2102
11.8989 179.4177 0.60387 179.1946
12.0567 176.5188 20.9475 174.711
19.375 228.125 19.375 256.875
19.6686 186.6214 12.67 178.518
21.5965 174.2881 56.8878 166.9363
40.7103 214.9141 51.8784 213.1464
43.2502 196.4248 73.2964 191.7198
46.875 166.875 48.125 166.875
49.4276 199.7065 69.3236 196.5511
50.016 215.6084 51.5357 274.3838
50.4735 204.5757 43.8928 199.6079
51.96 212.5669 77.0422 209.4862
57.312 221.8627 58.7916 274.3914
59.1828 165.9335 76.9626 162.3044
60.6928 233.1224 60.0773 216.8484
66.0612 215.6176 66.9801 269.3946
69.526 200.4324 50.6259 203.1313
75.2617 192.9692 72.8682 198.5509
75.826 171.4839 20.076 184.5289
79.6078 213.1201 80.8904 274.3956
100.6758 204.7842 111.908 203.3912
105.04 160.263 101.3191 153.4276
105.6567 184.5645 139.5046 178.8991
111.7807 188.8147 136.9106 184.5868
112.0107 194.2346 103.7406 186.2383
112.2728 205.6142 114.0087 269.385
114.4408 202.3471 144.5525 198.1478
120.4169 213.1303 121.8557 269.3755
130.3985 204.3813 132.0303 263.1554
135.733 188.8061 113.205 192.3793
140.7534 181.5907 137.1769 195.7015
146.6961 196.8384 149.1315 268.1333
173.144 176.8743 171.8942 143.0781
174.6309 224.3658 172.9652 178.1308
185.6497 192.0887 199.5035 190.4842
190.6705 170.8761 229.504 163.8365
196.9738 174.9019 226.8608 169.2994
198.4233 180.1913 191.2624 175.2656
198.472 193.0588 199.9405 200.7556
199.0986 201.8829 200.848 263.1543
201.8961 189.5139 237.0335 184.1663
207.5744 201.855 209.2913 261.8774
211.1815 214.3994 210.4772 194.3802
219.028 191.8858 221.0585 256.9005
224.0257 214.601 222.2213 191.8475
224.6272 236.8602 223.3027 214.2912
227.0133 173.9347 199.2555 178.675
231.7283 166.7264 231.1884 171.802
237.0235 183.7821 239.6577 188.1977
239.3225 188.1622 241.394 260.6744
329.3699 180.5418 386.8743 180.7947
344.3206 174.3029 390.6451 176.4407
347.848 208.0932 348.6245 231.8587
348.125 203.125 348.125 206.875
358.133 205.1218 349.3706 205.2161
360.0367 185.6425 361.9698 250.6593
368.1096 208.8617 376.8892 208.5984
368.1223 231.1956 378.1271 231.1559
378.123 227.9516 368.1243 228.0667
378.8115 186.853 380.8138 249.409
390.588 182.0841 409.3577 182.5595
410.6051 183.1255 412.4152 256.8617
431.4052 187.5082 433.1589 181.8856
434.3739 183.2991 485.6264 183.2468
448.1053 177.8653 488.1392 178.6622
460.8027 188.1191 462.8753 250.6747
477.5369 189.3545 479.4002 249.413
489.3206 184.4277 506.8422 185.1601
507.4434 185.647 509.7013 255.6145
533.1169 179.8331 570.6272 180.5
539.3587 185.438 566.8906 185.8605
570.803 199.3746 570.8052 206.8757
573.7603 183.572 567.9863 191.7774
578.0458 188.1171 578.9197 179.3297
581.4743 184.4151 587.175 188.4168
582.7324 202.2114 576.9982 195.5195
601.0623 187.0141 603.3442 179.8425
608.9282 181.5381 603.5101 188.7227
612.1 215.1971 604.1678 217.3677
612.8544 195.6356 611.2383 154.351
614.1193 170.6359 615.189 195.6436
616.7781 198.3029 625.6813 197.4987
627.7979 194.4213 626.9891 166.8716
631.5735 171.8779 631.8779 203.125
634.8889 199.3505 633.5168 170.6063
638.1527 160.8012 614.3998 164.5332
19.3609 296.6397 298.0865 279.9802
20.1196 303.1352 22.4382 418.1136
20.606 279.1384 39.3358 277.6367
40.7385 276.8725 39.4069 215.5971
56.9147 276.1053 43.0527 277.2502
61.2951 269.3891 60.4443 234.3794
70.765 274.3715 69.3095 215.5957
79.2368 316.8891 79.8968 381.8697
79.3552 274.5189 73.1072 274.6308
84.3272 273.7612 100.576 272.4955
101.6413 271.8806 100.0987 206.8282
111.8721 316.8055 141.9241 315.5511
113.0365 271.6561 104.3181 272.1815
124.808 264.3633 123.2555 206.8715
130.6704 264.5415 125.382 265.9847
136.1758 269.4023 133.6372 204.355
140.6225 319.2309 113.1092 319.7006
143.5331 315.6505 145.3484 375.6334
146.9149 268.395 139.2136 269.5329
153.0996 267.7375 171.9326 266.5032
173.0615 266.5249 179.5515 265.348
179.4097 291.2253 20.6115 300.3919
180.6283 274.4197 20.5886 286.3882
186.5591 265.6338 184.5433 193.0856
206.8593 264.1922 190.5152 265.5966
212.1959 256.8651 211.0056 218.1133
219.475 257.7191 213.0194 258.4837
224.525 255.6243 224.4397 236.8804
229.0913 261.211 225.3721 255.7988
236.3577 319.3853 236.7548 339.4022
239.4251 261.3442 229.3001 262.0494
240.4688 315.6283 241.0418 343.1424
240.625 310.625 240.625 311.875
240.625 313.125 240.625 314.375
245.5272 260.2614 296.8161 257.1535
245.6564 266.0053 275.6585 263.5309
293.1511 265.9698 184.3626 274.2117
298.1225 284.3302 181.8189 290.8785
298.9998 256.8886 295.2329 153.0939
300.2757 279.4008 299.3522 266.8767
304.1521 283.1333 309.6795 431.8637
305.5971 280.4259 515.6155 276.3795
305.6247 257.5736 326.8747 257.5626
329.1028 256.8846 326.4476 181.8459
333.0875 312.0355 351.0664 316.2357
346.8777 257.1389 330.6168 257.302
347.5454 314.499 360.9879 307.58
349.794 244.3566 350.345 256.8873
351.8685 256.9385 383.1244 256.7682
353.8115 316.5143 372.1305 310.1052
359.4493 244.7339 351.7941 244.0958
361.7916 307.5773 374.3805 305.6609
361.9012 251.8371 351.8545 251.6329
364.4636 316.8722 366.6644 385.6717
366.9328 250.6232 364.9478 185.6075
371.8664 310.1599 386.9077 309.8802
376.8724 244.4685 369.3436 244.2602
379.404 251.2494 368.0624 251.7757
383.3488 319.368 385.3757 384.3828
384.4872 313.3136 391.9043 314.098
384.6894 255.6586 382.2215 186.8626
388.2147 307.962 397.5704 313.1117
391.5356 255.605 390.2467 196.8559
395.8056 315.0037 413.2985 309.9789
406.8961 257.0851 393.1264 256.8064
413.1228 256.9054 430.625 256.8742
414.906 310.6424 416.783 388.1575
415.625 261.875 434.375 261.875
434.0812 255.6346 431.8625 188.0434
439.661 257.6754 435.293 254.8969
449.3961 256.6123 440.5966 256.8008
449.6906 308.6356 458.2584 303.3409
455.6024 310.3754 485.5834 307.6653
455.6689 256.2909 478.1537 254.8105
459.3008 302.7516 475.6507 299.5045
461.9464 251.0755 454.2842 250.3915
467.539 251.8517 465.2972 188.0926
476.8179 299.5822 497.328 305.23
479.4057 250.9733 468.1262 250.5892
483.0791 254.3763 481.2641 191.8927
486.4675 309.6169 492.9191 311.379
490.3955 254.3799 489.1063 194.3271
491.4231 312.4984 486.2192 326.6335
496.8821 260.393 524.3945 261.2407
498.3449 306.8638 499.431 328.1221
504.3777 255.78 491.8778 255.7486
510.044 314.8046 505.8863 309.1818
510.6199 256.356 523.131 256.2325
513.2557 286.8867 525.7511 285.5927
514.256 315.6363 511.3944 285.5518
514.3284 273.8801 518.1345 273.9686
518.1234 264.2087 305.619 266.2461
518.1459 280.4481 305.6291 284.5873
518.7062 296.7638 519.9253 316.8416
519.1047 273.7407 525.725 276.6471
523.2806 316.8693 522.5063 295.602
527.5258 288.1531 528.8138 315.6513
529.3801 318.3601 513.1377 318.712
530.7128 265.8438 521.4479 269.5604
536.8887 243.2514 533.759 181.7156
48.1283 324.5762 76.891 324.1104
53.8758 333.1384 56.0857 415.6461
79.375 385.625 79.375 403.125
80.6285 378.0374 103.0926 378.9356
86.7526 383.186 85.0628 414.4122
103.1987 380.6234 103.9675 415.6339
111.5789 375.6334 109.9118 316.8598
115.5252 349.3733 115.935 325.6088
116.534 378.1351 115.8268 354.369
116.8801 323.4012 138.146 323.0061
123.1498 351.4819 133.1414 351.1933
123.6606 390.6087 122.8257 363.0962
133.125 365.625 134.375 365.625
133.4931 366.8607 134.2708 386.9275
134.0308 351.872 133.9235 364.3819
134.3604 339.9391 123.1179 339.6474
139.366 324.3754 139.9605 339.4013
144.3172 379.8268 168.0822 380.6346
153.9423 391.8556 152.708 419.3563
166.9603 392.2247 153.0979 390.9112
167.5064 380.6331 167.6371 390.6314
194.4249 320.7528 235.6661 319.2603
195.837 345.6207 195.3592 321.8552
201.8016 333.127 204.3272 428.1263
238.0926 340.5427 239.4276 380.5816
241.6546 380.5999 242.9984 435.6281
320.7053 398.1243 465.6656 395.0195
333.1105 393.107 331.9238 311.8743
344.6245 390.9689 335.5108 392.3956
352.7791 328.1344 354.4731 390.6562
353.2056 392.1438 344.5142 391.4299
365.5967 387.0378 356.8526 387.2652
371.48 386.849 369.3555 316.8756
384.2644 385.5792 372.9899 386.5412
388.4655 389.3672 386.9223 321.8739
393.7811 326.984 395.263 318.0648
395.9662 388.1371 395.1669 328.0978
414.3948 390.3763 390.6294 390.8459
451.1256 386.8998 448.5579 309.4021
456.989 386.9097 454.8092 315.5735
464.9261 395.6522 465.1707 401.9413
468.1434 389.1315 451.876 389.4291
487.3791 328.1063 490.019 399.3974
498.151 399.3749 498.0233 374.3755
499.424 333.1228 501.0761 369.4114
500.2704 373.1315 500.7481 399.3728
507.4554 358.0824 506.8104 349.2881
513.8077 320.6771 512.8521 333.1996
520.5304 399.3797 519.2987 374.3788
521.9172 374.3731 523.0491 399.3784
521.9312 334.0575 529.418 335.3818
525.5535 368.0184 529.2971 365.5087
525.625 370.625 525.625 369.375
526.3847 384.3366 525.7539 371.8685
531.579 333.1426 531.0936 290.6197
534.3139 357.5979 539.2477 357.0261
539.3911 342.1895 526.7962 342.8328
539.5392 355.6339 539.95 348.0211
541.3062 346.9754 540.4127 341.9125
584.9346 393.5758 573.6708 407.5577
590.6639 389.3545 594.5742 396.77
608.095 394.3982 602.5944 387.2854
0.54887 409.2213 12.004 410.0168
16.8952 461.1518 0.5734 461.7762
18.4236 419.3673 19.4915 460.622
29.5122 459.3726 29.0532 433.1088
30.6554 418.8795 44.4302 419.7261
47.2661 418.1195 45.8617 318.1041
55.6607 434.6138 54.7858 425.5852
58.665 411.8933 56.5659 330.6007
60.9045 441.4614 54.5319 434.067
62.8156 464.1781 60.1516 451.4508
70.0402 417.4828 78.9555 426.061
76.5803 425.8184 80.5754 431.9075
78.5384 449.3364 77.9602 461.8674
79.0704 431.7227 72.0702 445.7226
79.3017 463.3994 64.2925 464.5275
82.6684 414.3557 81.8145 379.346
85.6892 458.761 125.6446 462.9376
89.3162 419.3399 110.5769 420.3693
95.5352 415.6945 97.5619 381.8413
104.272 449.032 121.8296 451.0248
108.1099 427.0806 89.3691 425.7053
122.0429 433.3283 137.8407 420.2808
123.5348 403.0967 125.1773 426.9059
124.5271 443.0706 120.9336 433.0147
125.6782 447.1603 116.886 446.6752
125.822 450.5388 125.3056 456.8489
130.7322 468.9726 124.2747 467.2515
136.8842 400.3335 124.3572 399.9379
143.7499 419.3633 143.0239 380.6035
145.4825 424.6004 146.5004 430.888
147.1129 448.0189 146.5783 459.4197
148.9113 432.0243 146.2604 445.9831
150.608 423.4073 174.3474 424.8346
150.6838 419.7805 144.3773 419.3416
158.1168 466.7987 131.8999 469.6079
171.8084 432.4709 150.6824 430.111
178.125 453.125 178.125 434.375
179.3131 431.292 190.569 430.0977
190.6942 436.8727 191.1465 450.6078
192.2899 400.6471 189.9748 313.1091
193.1755 430.6235 192.3033 401.862
207.379 424.3607 204.621 326.868
218.6659 466.8389 217.9966 456.8002
219.3133 454.7136 231.9247 453.8598
233.177 454.4588 234.1339 468.1418
238.1399 426.6118 208.1653 424.9133
253.1639 467.1871 268.2414 465.3092
255.7063 436.433 283.1959 441.4893
256.2258 454.6466 251.624 464.8266
275.6618 461.4676 265.6263 461.9057
286.9338 468.1259 287.4381 433.1331
290.1628 443.1372 290.821 468.1198
290.8377 477.78 303.2402 474.8653
305.6765 431.8731 300.2292 283.1395
309.3305 475.1912 324.3014 473.6566
316.8533 465.2859 371.8682 461.7686
319.375 418.125 319.375 395.625
320.2283 458.1475 300.2907 464.5905
320.9019 435.6179 321.4774 458.1352
326.0178 458.0711 324.0886 399.3023
328.1759 471.3932 378.2046 468.0753
329.107 421.8679 328.94 428.1467
333.6187 425.1453 332.07 431.6228
336.9437 420.1737 328.1512 420.9297
339.3378 430.1114 361.8805 429.6362
345.7997 421.8828 338.101 422.9522
348.6204 441.3983 350.8737 449.6485
353.7772 451.2357 327.7567 456.1909
356.271 425.778 355.7102 428.1452
363.1697 441.5795 348.1354 439.3062
365.0959 443.0821 376.112 459.8755
365.4933 429.7029 373.1933 428.603
370.7932 419.2166 346.8416 422.9081
374.5439 446.4985 385.7761 451.5384
375.4056 461.1591 354.1477 452.4285
379.288 467.4053 535.6746 460.4969
380.1052 429.7997 362.735 440.7404
381.8962 421.5647 373.0943 421.7634
383.0558 421.5646 390.5964 421.23
383.1169 460.2916 398.1384 459.9257
396.8463 421.8204 388.9105 425.9912
400.7712 413.4463 387.4948 419.4872
402.2249 413.0655 402.8803 416.9167
405.8323 458.6793 454.5141 453.0858
409.3575 429.9201 418.1331 429.7024
423.1346 413.1834 404.277 416.2776
428.2137 446.0555 461.8251 439.1327
454.2237 454.3383 465.6084 455.7579
460.6179 411.6501 436.8521 412.4049
464.1508 402.4272 394.2141 410.4773
465.6029 457.8276 308.0452 469.5532
469.4075 401.8749 469.3574 388.1251
473.3274 421.7298 464.0113 408.7394
473.4597 407.1145 483.2174 410.3459
482.5188 411.3645 502.4103 436.4505
484.375 400.625 483.125 400.625
490.6305 440.3367 541.9333 441.3131
503.2196 403.8558 470.6248 403.1334
533.1541 402.8566 503.1802 403.7429
533.1624 455.1157 466.8288 458.4583
543.0633 440.0849 560.5814 439.7292
550.0402 454.2769 558.0367 458.3367
550.6011 452.2823 574.3822 452.6257
553.1611 403.4775 535.5388 402.7691
556.8257 439.5895 615.6804 436.7906
563.0939 454.9095 575.6787 454.3636
570.5759 408.3006 552.7236 403.3113
570.6376 460.5631 557.9011 457.9783
578.0675 454.2368 584.725 451.4661
590.1392 466.3495 594.0305 462.7523
590.575 458.2002 575.6021 458.8383
592.112 408.824 600.8571 412.5853
593.1421 472.2249 633.1077 470.2708
598.1122 451.0276 611.888 451.4671
604.377 441.8717 614.4861 447.9399
610.9203 432.6176 570.3254 408.9919
611.8467 450.1105 620.6389 449.627
611.8748 444.3752 614.3752 446.8748
614.31 437.3808 638.1569 436.6034
623.9124 406.9007 623.0744 391.8084
630.5919 458.7467 590.637 460.8529
631.5604 429.3913 630.8478 415.6135
633.0991 465.7727 620.5468 463.5711
638.1607 433.8155 611.7788 432.1329

