0.43282 12.6944 60.917 26.8799
0.4912 53.2847 56.9445 58.6431
20.7907 47.3311 0.37535 43.0715
35.6024 52.1872 14.3729 50.6537
36.9077 76.5083 53.1402 77.9547
46.8857 47.9986 30.4361 46.6048
51.7936 51.1205 68.4163 53.8527
53.6294 63.511 62.4524 55.8971
54.4376 67.5291 0.49466 61.8667
55.239 32.2106 66.1311 27.6126
56.4535 69.3807 56.9441 105.641
56.9565 54.7774 44.3328 53.5635
62.2185 18.4415 77.4615 15.0991
63.0807 69.1903 75.7505 66.1475
63.1281 55.643 76.9034 53.2916
63.5051 46.3024 51.7271 48.6251
65.189 71.8808 65.6043 103.1253
66.895 40.6813 88.1258 33.1274
66.9882 28.4785 77.9176 24.9775
72.09 73.1083 72.7797 81.9988
73.3243 12.3827 83.9227 8.2226
77.064 53.8826 94.3605 55.7584
77.8506 69.3691 77.6102 80.614
77.8888 57.4856 58.1396 64.7803
78.2692 24.8339 155.2374 0.64173
78.9735 18.1725 120.5921 4.2764
81.2516 8.3357 90.1502 4.5183
85.3871 38.5928 129.2612 25.2509
87.0017 50.7568 66.8356 48.4726
87.0188 3.0425 104.4089 0.90037
97.2311 51.8702 97.7399 89.3802
99.8473 25.7216 64.3866 38.158
108.1474 46.543 95.6086 46.4437
114.372 25.6149 161.4286 11.6237
117.9214 47.4575 130.7525 43.5428
122.1322 3.9703 134.269 0.27657
123.3049 19.8438 101.8558 28.075
131.8647 24.3381 154.3638 18.0847
132.2576 73.1163 133.2269 115.6227
135.8178 34.8926 107.299 45.5135
136.6569 56.8542 137.6633 106.8843
136.6741 42.4889 150.6125 38.0855
145.41 44.3795 146.6371 103.13
156.1756 44.3636 157.5979 113.1617
161.839 11.7397 186.4262 5.1902
163.3436 35.14 177.0462 31.224
169.7966 43.1139 171.3782 103.1381
179.3976 38.1243 180.7863 85.6568
186.5278 4.5729 198.1611 0.73427
187.9038 19.8437 136.8533 34.2985
189.1859 27.5762 203.4019 22.6787
201.2334 30.6691 202.2656 45.6841
202.1798 51.86 204.5117 99.3683
206.6954 23.1695 209.3026 106.8773
230.4443 72.9933 229.5154 65.4537
231.486 63.9139 241.0249 55.8672
233.1367 68.1455 238.9291 64.8429
233.5373 59.3617 232.5732 29.3927
236.7471 10.9047 244.4429 9.8899
237.2746 19.7496 244.4859 12.0571
237.9247 8.5847 188.5607 21.0943
239.5039 55.7473 237.6358 19.5292
241.9619 22.7908 244.0204 31.0261
243.3304 18.1077 244.0691 26.9007
243.7856 31.8668 244.0186 50.6294
246.418 51.3239 269.5771 32.1187
247.041 57.0784 268.3681 39.6729
253.0961 11.8309 243.8001 17.9077
260.7449 72.2424 290.8076 62.4345
268.6734 16.2426 252.2696 13.3709
269.0254 76.6982 289.9386 71.5738
270.1299 5.5233 272.3461 21.9799
270.4174 57.8473 259.6035 65.9308
271.9408 23.1247 272.1547 64.3865
280.4215 61.8813 278.8331 10.6031
282.7556 16.8438 284.3524 61.8758
283.2367 6.0973 295.6348 3.1664
286.5058 24.3827 286.2444 11.8621
287.9563 58.1311 286.7712 25.5833
290.1071 11.8474 290.532 23.1285
290.2168 71.3356 383.8332 49.9795
291.2151 25.6343 291.6367 55.6283
291.6174 64.9958 268.2081 74.5781
295.4463 57.5734 289.0569 59.6431
296.875 26.875 296.875 25.625
296.875 34.375 296.875 28.125
298.3448 59.363 297.0468 35.6156
298.6089 9.3664 298.7875 19.3855
301.2183 6.6612 289.8791 11.7486
303.1566 58.1652 293.1739 66.0247
306.5916 51.1812 312.2399 41.3657
313.653 41.5634 322.3172 36.6891
322.1544 36.115 356.8601 5.6081
324.705 50.1112 335.9389 45.0751
327.0437 26.9108 326.1717 0.60688
328.2926 40.1497 321.8053 41.5529
328.8456 0.5964 329.5907 19.3664
329.4063 44.4646 312.254 50.4593
333.0146 40.2755 328.1091 41.8245
333.2085 35.561 333.068 38.1219
336.7839 72.7149 361.9318 67.1307
337.0985 45.1984 360.7988 38.7653
337.7621 36.8024 333.5678 39.9627
337.9479 33.9837 339.0461 36.995
340.6096 35.6252 340.6622 39.3919
341.9793 30.2032 344.5506 38.4596
344.841 11.8321 343.8039 0.56252
348.1659 31.1372 343.1976 31.5342
349.3732 1.6409 360.6323 1.5524
356.968 64.8266 225.3795 91.9332
357.4569 27.8364 349.0433 31.4898
358.3039 36.4653 335.5066 41.3188
362.9929 39.0133 370.8187 36.1553
363.1945 63.8379 355.4998 62.8428
364.4443 42.139 306.9685 57.231
365.5134 66.1555 385.6116 63.0387
368.3479 21.0779 356.3576 27.0937
371.7509 76.2574 320.5592 86.5477
373.15 19.8301 363.1802 20.3785
374.334 61.5131 363.0867 62.7864
374.5301 3.7825 360.6667 7.0517
375.4835 50.6301 375.2121 43.0503
375.5034 35.8147 374.5849 29.1731
379.3849 41.7224 386.9342 42.2116
384.3871 60.3295 373.1048 59.8657
386.6889 64.6908 638.2479 94.5906
388.1498 41.8634 392.4237 51.037
388.4674 50.6114 638.4264 84.6628
391.875 55.625 391.875 56.875
394.3797 74.6497 371.8649 75.0313
410.5788 40.9113 434.5128 44.7705
413.1067 37.03 434.3554 39.5411
413.1271 4.3432 391.888 2.9294
414.4209 58.8907 393.0079 56.8605
423.452 8.3344 413.2783 5.1371
430.6506 60.5817 433.0507 62.0007
430.6878 61.694 426.954 60.3975
434.3615 41.9722 411.9485 38.8476
435.6683 67.7972 405.6959 63.8383
438.0744 39.716 541.9467 55.1423
439.2654 9.1392 423.4698 7.4329
439.4251 45.272 466.9039 49.1714
441.9371 6.7141 455.5826 11.9847
444.3045 63.5766 432.9411 61.8036
446.9516 14.1506 440.2074 11.8485
450.6264 4.3121 441.8805 4.123
450.8979 13.0351 453.0009 19.4159
452.8749 22.4177 460.7201 19.644
464.5203 52.1691 414.3491 44.5458
466.9008 11.7794 474.5208 13.8347
466.9653 46.2003 440.6842 42.6825
468.8723 25.4189 467.0164 29.9455
469.0195 25.239 460.6568 21.7978
471.7961 49.9355 503.1294 54.3435
473.0723 32.039 468.1761 30.4659
474.2197 71.8759 444.2165 68.1516
479.5664 8.4169 489.6629 10.4339
484.2088 20.9222 489.6155 23.9447
484.4408 71.527 474.3356 71.8358
485.6217 28.1422 498.1364 30.5659
487.6061 43.3402 473.1327 33.1141
491.8308 40.8643 499.3067 42.245
493.0125 7.3506 484.1661 5.258
494.2578 16.323 511.7644 12.6043
495.4182 71.7079 485.5398 69.8211
503.1753 51.5125 471.8348 47.165
503.225 76.2237 495.795 71.6018
503.7293 23.4596 489.118 17.5056
506.6597 21.59 513.1446 23.0371
506.8153 54.7533 526.9069 57.9227
508.1335 30.5988 493.0901 25.733
511.8821 26.9545 518.1934 26.3923
517.0496 15.3118 500.6696 18.3644
517.3405 27.4603 541.1616 44.1436
524.384 60.5596 464.1545 52.2168
525.425 41.8254 508.0809 31.5619
525.7316 54.7778 509.2703 52.7071
531.8028 58.6001 548.243 61.099
535.7632 78.0483 504.4623 74.7869
535.7689 47.8523 523.9818 41.6325
535.9543 10.6926 522.7191 14.0011
536.8568 0.71518 547.9072 2.9513
538.3945 31.8504 536.69 13.1419
539.5861 15.6121 541.1107 40.5954
540.8889 45.1956 558.9605 56.2996
544.2236 53.3582 535.1671 47.4792
545.4569 3.6784 576.7971 0.97218
548.0776 58.4239 531.8397 55.8477
548.8901 56.3842 544.7717 53.7539
553.261 7.6238 540.7205 9.9009
555.4266 58.8205 549.3173 57.0772
559.2823 66.2009 524.5772 60.6181
560.2292 61.5776 554.8991 59.3634
564.3615 14.9644 576.9122 15.2517
566.397 29.4453 564.6718 17.7137
566.936 61.8731 566.0564 34.3213
568.216 60.6538 567.0223 64.4217
569.2812 34.3793 570.2451 55.6422
573.1106 31.9022 573.3041 23.1014
573.1774 0.40606 585.2826 3.3049
574.1537 55.6615 573.6243 34.3316
577.3607 20.6936 578.4833 33.205
577.6493 15.5806 585.4192 18.6465
578.3624 34.364 579.756 64.4153
580.6271 6.7257 554.3646 6.351
584.4504 66.8694 580.9877 20.5979
584.547 20.4943 588.7014 65.6869
585.2805 3.918 596.5717 8.8232
589.9877 14.6629 580.041 8.3291
591.2687 9.422 592.4236 24.3325
592.1921 24.9269 639.0052 46.1869
593.2133 34.2479 595.7172 60.6162
594.9269 61.1235 607.4376 70.311
607.0505 72.0595 559.4019 64.2115
613.1021 65.7916 638.1436 69.2403
614.3937 70.5106 629.4011 72.9657
619.2365 44.6897 627.0075 45.3773
621.2902 43.3277 593.0856 31.9729
623.731 48.9007 629.6011 44.3145
635.7152 54.2896 629.574 47.8036
638.265 77.1513 611.8423 73.3522
0.34126 138.1399 68.0034 122.5958
0.38367 147.1571 78.3359 127.7207
8.3489 125.9541 0.31539 131.42
11.8373 126.7585 19.7245 124.2042
20.3894 124.5115 29.2707 122.632
21.875 106.875 0.625 106.875
25.4478 117.6758 12.9246 122.617
27.2494 136.9696 5.5904 143.0006
30.5041 122.7222 39.5637 120.0038
31.9066 91.5574 46.8826 93.0488
36.8783 115.3408 50.6264 115.502
37.8036 111.0412 25.6624 115.7221
38.2998 105.9631 50.7128 99.5449
39.5134 123.7481 6.6891 131.0379
40.3997 121.6327 45.6212 116.7768
43.5034 133.1967 30.6274 136.8833
46.8676 90.7304 31.8538 89.6779
46.9316 94.9262 26.8607 93.3015
48.6675 105.7542 37.6524 109.0416
49.5107 121.1547 71.8271 115.4382
55.6947 123.4269 43.1078 123.9924
57.3243 108.1095 57.1789 115.6309
61.9633 103.1264 61.9248 71.8734
62.4939 115.6504 62.0879 105.5661
66.1474 105.6231 66.1243 114.3763
68.5224 83.1278 68.6002 71.8783
69.3018 111.8482 68.6755 84.3625
72.5478 83.0208 73.7409 90.7232
73.3334 96.7635 74.2034 108.1381
74.6873 124.1532 46.7289 132.644
78.0079 83.1375 79.2078 94.3928
83.2854 135.0323 0.23916 155.2935
83.7222 104.3833 83.1194 56.8592
86.2316 124.4942 84.5294 133.1553
87.8951 130.3481 97.3751 122.4774
95.9812 95.5295 97.0035 99.3405
97.2161 152.1482 12.01 171.228
97.7022 106.2942 80.0939 119.1126
98.274 110.7892 86.5054 121.4676
98.3786 89.239 97.4956 95.7097
99.5554 130.609 98.9561 170.6187
99.8301 95.6819 100.0676 109.4278
100.6865 109.306 99.5888 128.21
103.1868 128.4026 114.4356 125.8971
104.3738 103.9186 114.377 103.8921
114.3761 106.1272 104.3743 106.1127
115.6279 128.1397 101.9249 130.8748
117.8346 125.6291 116.753 48.1093
134.5024 83.1239 134.154 44.3658
135.5906 129.2108 189.3392 117.9542
135.8357 123.9129 120.277 128.074
137.3659 136.5734 131.878 127.6411
138.5973 110.5335 137.4024 120.6871
141.2086 99.3906 140.1521 54.3861
146.955 108.0955 147.1771 118.1183
148.1191 119.3452 159.4232 117.1196
150.8697 115.5806 148.8299 46.8541
159.6534 128.3203 140.6455 131.9814
160.6084 119.2804 136.7182 123.4842
164.339 101.9252 161.7967 36.8292
164.917 106.7431 163.4414 114.6667
175.3346 109.3844 173.0993 40.6258
179.2851 115.1022 163.0843 117.8886
180.8273 86.8714 181.2026 108.1369
184.5735 122.8464 165.8396 126.675
185.625 114.375 180.625 114.375
186.1131 104.4411 183.8114 34.4346
186.5847 120.5013 187.418 126.9661
188.965 159.6926 184.3603 171.8694
193.0077 114.3529 190.918 125.4447
194.9179 100.6437 194.0594 68.1003
210.5902 97.941 278.2712 85.1488
213.0938 107.9895 190.3612 113.231
215.0284 87.6596 237.0429 69.3257
215.1218 102.504 208.9777 100.8584
215.7493 94.4281 215.5055 89.2626
216.296 100.7782 217.923 106.9284
220.5142 87.622 269.6337 76.7993
224.567 89.7612 217.5626 93.244
233.1777 112.3884 219.4087 111.4038
234.2901 110.1565 251.8913 106.965
236.1319 145.6492 235.0313 111.8536
236.6459 103.2762 220.5734 106.6274
242.2006 121.8441 243.0342 130.6336
242.4986 130.5994 243.0643 144.3775
249.6103 100.3234 236.9588 103.4627
252.145 106.483 266.7454 104.6129
259.606 144.3654 319.3949 133.2319
265.9465 103.6103 287.6997 99.5798
267.0535 149.0801 315.7387 139.9835
267.8647 153.5298 257.9467 147.1523
279.3963 84.4777 335.8124 72.7788
285.6284 98.4714 300.6513 98.325
296.8473 95.4796 305.7507 93.7858
300.5776 97.9743 311.8992 97.5914
302.4725 85.4849 302.1775 89.4894
306.8476 93.4273 314.3988 94.1129
309.5345 87.278 304.3561 89.3273
312.9789 96.1285 323.3168 94.1052
313.4633 146.2532 270.7721 153.9419
315.6241 91.8709 331.8789 88.1421
316.5292 148.1427 316.9791 156.9336
320.3675 86.8224 250.384 100.6557
320.9919 141.8309 313.3922 148.2029
321.0474 135.5659 320.8344 143.0599
324.2338 93.6145 341.8237 90.3488
330.4001 156.956 332.4259 162.5774
333.1724 88.2828 335.8099 87.4906
338.0678 87.5253 344.488 88.0896
345.5197 86.6329 351.8313 87.2927
351.7632 87.58 364.4965 84.9672
361.4056 100.6509 243.1186 123.0911
364.482 82.8388 391.9213 79.7921
392.1272 81.1081 411.9732 83.59
396.813 98.6286 362.8818 101.448
406.8458 105.5989 412.7303 99.0219
410.5149 80.8548 413.0349 82.0628
410.6731 85.2345 424.521 86.9391
410.7825 104.7022 414.6336 105.3594
411.1836 106.8516 418.159 273.0711
411.8393 96.7509 397.8119 100.7868
415.485 81.775 413.4572 84.6124
415.6251 100.6251 414.3749 101.8749
426.9353 80.213 394.5803 75.4734
433.2958 86.7271 470.3947 91.2599
441.7878 153.2211 501.8597 157.1105
456.758 146.7489 505.5002 151.8238
470.7863 90.3929 638.3422 108.6294
500.1774 159.3121 499.7576 170.6392
504.2969 157.9185 525.5215 159.5077
542.1895 112.3184 414.6543 100.1881
563.0906 156.2144 603.1003 158.5491
583.023 116.5806 542.814 112.2892
590.83 85.1856 547.9002 79.9781
610.8102 88.0022 595.4158 85.9251
620.0928 88.4952 614.0809 86.5205
638.194 92.6914 620.5444 89.8812
638.1987 88.7974 621.8952 86.7165
638.2979 102.82 432.9178 79.9894
638.4061 122.8864 583.0906 117.2097
0.62087 160.6061 96.9114 139.5414
10.8475 210.6192 12.6232 279.388
12.7292 173.5721 3.597 163.8563
41.8718 204.2895 48.0671 204.0602
45.7767 182.7803 88.3384 175.6485
47.9806 203.5619 59.102 201.5873
53.0958 186.7029 86.9325 180.9638
53.4119 200.6254 53.4095 194.3749
54.6054 204.3352 56.1456 213.251
55.3741 193.4231 44.4794 184.251
55.4435 214.3491 56.9275 275.654
58.3365 201.8869 76.7781 198.7965
63.8256 210.6387 65.4525 275.6293
67.4987 226.8822 67.2676 206.8705
74.6441 222.849 69.0361 224.3983
76.1923 204.3869 77.3248 269.3889
77.0276 199.0135 95.866 195.778
84.6711 186.2596 55.4637 190.8482
86.9545 189.3736 86.9485 194.3766
90.8361 182.1083 85.2792 187.7866
91.1317 176.6138 89.1559 182.2372
95.5898 195.1916 99.1379 200.7756
98.1718 200.6794 99.7792 273.1438
130.7724 189.1093 147.0321 186.6742
136.9991 165.0773 186.9851 156.2485
144.4859 169.9991 184.5535 162.8792
145.5607 184.3761 145.5553 178.124
146.8605 176.8906 135.8515 166.6319
147.0875 189.3409 148.5197 198.2623
147.7079 199.3546 149.0251 253.1336
149.6149 185.9168 194.6907 178.9045
151.9673 209.3734 151.6909 193.1069
154.1283 193.7009 150.0688 187.6589
157.0391 196.8707 158.8715 266.8882
171.1483 188.1459 173.197 259.4089
182.1198 168.334 147.0583 174.2176
183.0691 160.3136 140.5917 167.9394
195.0042 177.4731 201.1355 183.8375
197.8141 180.5905 200.8485 263.1627
251.9824 170.0839 274.5329 166.6675
269.3639 164.377 269.3499 155.625
271.6009 169.4208 273.2956 179.5555
272.4634 184.3594 273.9586 240.6028
275.5445 166.3942 328.4457 157.5413
278.1463 179.1367 276.0245 167.8158
278.5208 238.1136 276.8619 180.6254
282.1915 170.6164 284.5123 255.6212
286.8295 171.6003 296.9656 169.9219
287.058 223.1192 286.271 198.1047
287.0934 196.8596 285.4122 173.0518
291.3638 219.3879 290.8894 200.6183
298.1956 221.2251 289.275 222.2746
298.9107 169.3902 301.4915 248.1785
304.4929 168.6617 315.7489 166.1893
332.3008 161.9934 335.4586 250.6754
412.1681 238.1123 406.4291 105.5902
459.3679 194.4981 446.8375 193.7768
462.0746 166.8798 461.7758 179.4025
464.3903 215.3899 471.8587 215.8755
464.5857 231.8685 465.0456 246.8544
465.2558 231.6641 471.9883 234.056
471.2953 161.8514 474.0286 239.4312
479.3324 188.7879 489.3712 189.4333
479.8881 171.5128 484.4144 162.5243
480.6161 216.0307 490.6386 216.2496
489.3743 186.8894 479.3366 186.3785
490.3168 164.3847 491.0649 188.1897
490.6261 214.3593 480.5876 213.6672
491.2918 189.3857 491.7491 214.4001
492.0848 216.9165 492.9824 239.4305
506.9456 230.6739 504.4536 170.5182
526.3007 160.6432 529.0333 246.8858
546.7711 167.6057 548.1618 160.6323
547.9989 161.321 599.3572 164.6496
572.6602 169.396 575.9449 241.9737
585.55 196.8783 586.3822 215.6469
586.5691 221.8153 587.7607 240.648
589.411 170.623 590.6654 193.1922
590.7076 194.3716 592.6379 241.8948
598.9368 169.3852 599.5454 195.621
603.0416 165.2978 621.7518 166.9882
603.4835 173.1698 603.1671 166.8729
605.5828 233.1744 603.4301 176.9111
622.0076 168.1194 625.4294 249.3832
9.3115 282.5406 41.8351 279.0075
9.3752 303.1275 246.6726 284.3209
11.453 293.0956 11.7203 300.6305
11.965 310.6233 14.4979 446.8727
25.6586 285.9804 239.3909 265.7935
41.586 276.8598 40.4604 205.6078
63.1492 277.1525 45.4567 278.6974
67.6074 249.379 67.4523 229.3705
68.6081 270.6047 67.8198 251.8353
69.3724 275.5946 83.1303 274.4376
76.795 270.9265 69.348 271.5546
82.4143 269.3132 80.1707 204.3475
84.9387 268.0517 85.9186 275.5868
98.1254 274.3947 86.8543 274.6294
102.9733 272.8495 131.8111 269.9819
132.1565 269.3682 130.2587 190.5736
150.111 256.6513 148.8035 266.9611
156.8333 267.7433 135.4291 270.0813
161.829 266.3287 181.7928 264.6487
162.1155 260.6184 160.2091 190.6023
167.5 258.1278 167.4223 240.6226
171.8812 260.7669 163.0934 261.1506
177.7428 259.3485 175.5699 188.0886
199.3469 263.8318 186.8158 264.4792
204.3289 262.675 245.6571 258.438
238.1941 272.0486 245.9566 268.9579
239.7662 256.8617 236.0179 146.8616
241.9777 269.2322 12.9945 290.4673
247.0709 286.2389 258.3673 282.6345
247.6679 268.0768 248.0514 274.3795
253.1064 265.4372 388.1439 252.0657
254.2239 258.1292 251.735 169.3439
256.7588 284.2469 386.8878 273.2767
256.7851 288.1992 11.7833 306.9254
260.5602 314.3964 331.8756 310.6373
275.3861 244.1485 273.6572 255.5158
281.9237 256.0794 259.1494 258.5202
286.7661 254.6092 313.1152 251.7835
288.6465 248.1084 287.891 224.3031
300.4974 248.3411 288.033 249.8793
306.584 246.8412 303.8544 169.3493
313.3604 246.7597 306.6224 248.1572
326.9124 251.6567 315.5867 252.0667
333.5818 310.6462 335.8596 395.6522
334.3124 250.3381 327.8257 251.7535
339.2786 249.2874 410.5187 244.1513
358.4971 318.1103 358.1492 309.3245
359.4494 308.872 366.999 308.1198
368.0876 309.3741 367.9065 316.8998
385.5963 272.8261 413.1466 273.6591
385.637 252.1785 410.633 252.4945
386.9526 277.8305 250.688 288.9011
405.6578 254.7395 249.3241 268.8092
406.8009 256.5927 413.0856 256.8028
411.9426 278.7914 388.0945 278.2685
412.2947 251.9014 411.8563 238.0859
413.7291 273.1557 412.9554 256.8831
415.7249 308.1882 414.0006 276.8269
418.1361 252.49 638.1345 256.3286
418.6408 276.7393 426.6349 454.442
419.3423 245.6931 440.6412 246.2208
419.3782 273.4191 638.1299 274.1491
443.0755 245.6272 439.1851 156.7738
447.8745 311.4467 469.7584 318.1173
461.8788 246.6662 444.3757 246.6204
463.2955 314.692 479.5508 305.9519
466.9138 245.9885 496.9111 247.2995
470.1567 318.7067 477.8735 313.3002
473.2144 241.1746 466.7506 240.3493
477.8744 318.1349 480.0864 374.3962
478.1165 312.498 499.3795 312.211
479.2459 306.7315 495.5872 305.2174
479.5328 240.5661 476.5579 169.4406
493.1248 241.4628 480.6248 241.4673
496.9559 305.4565 515.0775 314.1628
497.7747 245.5906 494.5721 161.8675
499.5625 313.712 509.1494 316.4229
507.4565 245.7062 506.2052 235.4027
507.4801 317.6957 505.2032 327.7463
513.056 316.6628 530.7188 310.9133
523.2223 248.2643 508.1963 247.645
529.3745 248.2441 546.8798 248.3242
532.3419 311.9011 535.4258 404.4233
550.4223 249.3296 546.8947 168.0157
565.6359 248.738 551.868 248.9814
566.1491 310.1622 575.9612 303.63
570.6365 247.9806 593.1349 248.1659
573.1702 314.4787 577.8304 312.4486
575.2325 304.507 585.698 300.8329
578.1182 310.7852 605.6249 310.6122
580.9406 243.0511 577.4628 169.3473
586.92 300.3661 608.3907 304.0952
591.9028 243.7409 581.8673 243.3012
596.4207 246.8932 593.5144 174.3594
596.8994 312.7494 609.3471 313.5557
606.5037 248.1887 604.5214 236.6354
614.9083 310.6021 618.0223 383.1294
620.7289 250.0322 606.882 249.2512
622.6353 310.3224 627.5837 302.3128
624.375 250.4376 638.1251 250.4382
627.7954 299.971 638.6297 305.9623
628.0309 315.8428 623.8831 311.198
638.1287 278.5196 419.3728 278.134
638.1622 259.8935 418.099 255.7578
48.1126 326.6533 96.9195 323.9192
50.7072 334.8935 93.1735 332.9186
57.9963 344.3785 60.7409 444.4061
66.8579 361.3463 93.1613 360.4935
89.3763 365.17 73.1229 365.1237
93.1614 356.9752 66.8968 357.6826
94.3682 392.2608 83.1217 392.0614
96.1201 394.3506 96.8612 409.3757
96.4636 324.4313 97.7941 393.1798
100.0861 394.3722 100.1348 406.8769
103.1162 397.0496 136.8726 397.2591
135.3633 398.1308 136.3336 441.887
145.6143 322.9422 190.7525 320.3143
150.6918 330.7339 185.6687 329.0156
152.2425 351.8843 152.0303 331.8469
159.3824 364.5847 169.4141 364.2294
170.5676 338.9041 158.1006 340.425
170.8377 364.3935 171.7504 415.6272
173.1483 350.3692 159.3766 350.6915
176.5825 358.1292 176.9779 385.6235
177.0343 388.1186 177.889 409.3845
185.6403 349.7973 175.6224 349.7238
186.786 329.3776 187.5784 356.8907
187.9839 370.6297 189.5198 416.9117
189.3086 324.2393 146.8462 326.2736
191.8744 397.0928 230.6205 397.2041
192.6252 320.6387 194.5785 391.9037
230.4012 398.1278 230.5562 410.6413
239.7241 394.3571 240.6832 413.122
241.5912 368.1301 240.2579 294.3817
241.875 390.625 241.875 371.875
264.4351 324.4051 326.9147 321.4702
267.5399 349.3994 266.5448 325.4827
267.9209 383.1303 267.0782 350.5874
273.5064 338.1127 277.2567 454.403
273.6435 328.119 273.7582 338.132
284.3687 355.108 305.6308 354.8496
295.6219 363.6678 305.6272 363.6231
306.8747 360.448 295.6247 360.4701
306.8796 350.918 289.3445 351.1947
320.6591 350.5037 308.1258 350.6831
327.7935 323.1355 330.2065 399.3882
335.9502 396.8288 337.8957 463.1317
453.0886 341.2668 466.8641 340.443
454.3383 392.5912 468.1093 391.6458
454.3665 366.7307 465.5771 366.0665
465.6247 389.3697 454.4118 390.0147
465.6494 363.4182 454.3734 364.355
466.8717 394.324 454.4232 395.1249
466.8923 399.5999 455.6128 400.4656
469.5341 320.6204 472.0165 406.9069
480.329 375.6328 481.0168 401.8975
486.8729 375.6017 498.1425 374.5656
495.6386 343.676 486.8631 343.8929
496.897 372.5637 486.8673 372.8836
497.2255 321.8605 499.3419 373.1779
499.4735 376.8293 500.2805 400.6367
510.7124 332.032 512.194 319.4124
560.3729 343.1415 559.4716 329.3687
562.2278 329.3601 562.0826 338.1284
567.4842 338.1659 565.8842 313.1085
590.4027 329.3839 592.2507 375.61
601.8842 321.8425 603.014 365.6601
602.2598 322.5739 609.8578 316.2006
603.2873 366.8171 604.6728 400.6128
617.4967 386.8309 618.4789 400.6885
619.3705 384.7057 638.134 384.9612
621.9016 388.122 623.2892 400.6068
633.125 398.125 633.125 415.625
634.0151 340.9867 627.7496 334.7523
5.1742 437.8921 12.0616 436.7561
9.586 445.6181 10.6504 478.165
13.1109 448.0197 23.2635 446.6554
24.4629 478.1239 24.1124 450.6284
25.7564 446.8925 56.9187 450.2151
26.875 454.375 26.875 478.125
50.2096 448.1136 48.5614 326.8351
59.3297 445.3249 52.85 446.3025
63.7234 440.6421 61.1025 340.6125
64.3859 444.2317 76.9086 445.1824
72.054 451.2213 79.3491 453.2195
72.7742 463.2053 73.6696 453.1736
75.6444 439.0785 94.3959 440.3067
77.5491 470.9943 76.478 462.0727
80.1073 444.2251 78.7718 448.8386
81.7108 444.5768 86.5545 448.5188
86.1654 419.3649 86.023 429.3806
88.7573 444.8118 91.3583 448.4903
90.6101 442.4581 64.3772 441.7899
91.7966 444.4334 95.9751 450.0451
95.0828 430.6378 94.8159 419.3646
99.0739 430.4962 100.6148 456.8024
100.7788 409.3942 98.2646 429.5483
103.379 461.3357 93.7407 479.1353
104.3124 444.3568 103.6023 398.0985
106.5098 450.303 110.6301 445.6295
108.7956 403.1083 107.714 440.6492
110.557 445.8931 144.2954 447.4034
122.8258 441.9979 124.9979 403.09
123.1762 401.7017 106.8442 402.4776
135.6691 443.3751 123.1383 442.8225
140.6416 455.2278 110.6419 453.9724
147.552 449.3916 143.9021 323.1025
151.5754 459.3766 151.5549 455.6199
152.6788 473.2392 151.8297 460.6281
152.9391 419.3788 151.6037 353.1053
153.2131 450.6782 151.7733 453.0636
154.5864 441.6668 152.8162 429.2409
155.3415 422.5735 165.2841 417.4619
156.8571 472.2879 174.3784 473.0473
160.0489 404.3806 159.8654 385.6202
160.7591 424.3688 162.4232 460.5998
164.3281 461.4374 171.8751 461.8728
173.1755 476.2676 158.072 475.0122
174.2814 476.3944 180.5901 477.1616
175.6659 423.8927 160.6678 422.6208
176.5472 471.9396 174.9833 464.0086
178.1026 425.6262 179.5486 453.1159
178.1568 458.165 191.9081 447.2401
183.1222 420.6251 180.4472 364.3241
194.4989 444.3728 193.6825 398.0931
199.0045 475.9424 205.2605 473.4574
199.3775 465.83 208.1417 465.721
201.537 455.5452 200.5659 459.6563
201.8208 449.6669 239.3183 450.986
204.4366 445.9117 195.6426 445.3493
206.7128 468.0171 206.2307 474.3258
206.7828 456.8497 205.332 462.1376
207.8167 413.1136 206.6119 445.5688
211.2637 434.3764 211.2934 420.6264
214.4735 420.6283 214.0102 434.4048
226.82 431.874 227.061 418.1283
229.4108 411.6771 209.3304 411.1805
230.0863 419.3596 229.6938 433.1341
235.6514 455.0508 216.8836 454.1874
236.9068 460.1015 208.111 458.3552
240.8576 444.3585 241.3046 450.6654
240.8874 451.4859 238.5102 457.5193
244.4232 458.5465 250.7336 457.8252
244.5176 478.1189 243.8702 463.0929
249.4712 459.1853 260.7543 459.939
260.9867 463.1273 261.0248 478.1272
263.2081 458.1597 258.9698 315.5999
275.4141 455.1938 268.3753 458.6367
280.7023 450.6225 276.8545 330.5856
281.8225 455.6603 329.3963 457.6032
291.9094 449.374 291.2746 428.1056
294.372 448.1975 330.6127 449.6769
331.8481 452.6697 280.6566 450.9387
335.647 462.6314 283.14 460.29
339.284 462.9954 399.496 467.8851
403.3883 478.1771 404.0773 458.1578
407.5394 469.3519 407.1924 478.1375
421.6644 471.8796 421.4438 461.8296
421.7578 459.2769 415.5885 309.3765
444.245 436.8789 443.4897 411.864
446.251 450.6356 446.7179 478.1489
449.2999 406.9091 446.8563 311.8755
449.4388 415.1618 623.1749 409.7152
452.3172 478.2105 449.7133 415.559
455.6654 443.05 456.1805 451.9153
466.9461 442.758 455.6685 443.6659
469.3535 453.6238 508.1432 452.5119
469.4319 408.074 450.6057 408.9677
486.2857 401.848 482.8606 318.0847
493.1365 444.7973 468.121 445.4786
499.373 401.8465 488.0021 402.663
504.1405 405.6344 501.0957 329.3562
508.1419 441.6957 494.3756 441.9128
512.9578 449.6131 516.0567 451.7899
513.9271 404.4177 512.1044 331.8692
518.3105 443.5611 510.4926 444.4214
527.9729 451.235 533.5605 452.6283
530.7815 443.0678 521.5347 444.2811
534.3457 406.1784 505.594 407.3866
536.2515 454.5062 546.1171 449.0081
544.3751 443.1275 534.3844 443.4328
545.6114 451.1555 565.6515 450.7767
559.4479 442.4975 551.8621 442.7928
569.1191 403.1339 566.9435 340.6226
574.3846 442.2381 563.1094 442.5361
575.0501 403.144 572.246 318.0716
575.62 450.1807 590.6181 450.0117
594.4036 441.6212 586.8381 441.8383
601.8699 452.1413 608.1198 452.1093
610.0417 449.4034 609.7354 443.1075
615.527 400.6289 614.9814 386.851
618.3595 437.9057 599.4508 442.2081
622.5557 409.4453 625.2121 478.1893
625.7845 400.6139 624.9148 388.0875
626.9166 402.9241 570.6064 405.1574
630.2811 478.1548 628.6005 388.1395
636.6566 438.1324 635.0046 389.3537