(0,2) (0)
(1) (1)
(10) (12)
(11) (9,18,24)
(12) (25)
(16) (39)
(17) (44)
(20) (43)
(22) (46)
(24) (31)
(25) (53)
(31) (60)
(33) (64)
(38,39) (71,73)
(40) (76)
(41) (75)
(55) (116)
(62) (132)
(66) (144)
(77) (175)
(78) (170)
(81) (173,184)
(82) (189)
(83) (193,202)
(84) (197)
(85) (201,203)
(86) (199,207)
(87) (204)
(88) (206)
(90) (211)
(91,94) (210)
(92) (217)
(96) (223)
(97) (234)
(98) (232,239)
(100) (10)
(101) (243)
(102) (13)
(103) (16)
(104) (247)
(105) (252)
(107) (23)
(109) (253)
(110) (8)
(111) (258)
(112) (30)
(113) (263)
(114) (268)
(115) (271)
(116) (40)
(117) (270)
(118) (42)
(120) (277)
(121) (43)
(122) (278)
(123,124) (280)
(125) (282)
(126) (285)
(127) (292,312)
(128) (294)
(129) (293)
(131) (298)
(134) (301,307,309)
(135) (61)
(136) (65)
(137) (109)
(138) (80)
(139) (72)
(140) (82)
(141) (74)
(142) (78)
(143) (303,306,323)
(144) (109)
(145) (89)
(147) (92)
(150) (101)
(152) (100,115)
(153) (109)
(155) (117)
(156) (332)
(157) (114)
(159) (334)
(162) (125)
(164) (127)
(165) (129)
(167) (335)
(168) (340)
(169) (130)
(170) (344)
(172) (125)
(174) (345,348)
(175) (351)
(176) (141)
(177) (153)
(179) (160)
(181) (348)
(182) (169)
(183) (177)
(184) (179,185,188)
(185) (148,174)
(186) (190)
(187) (195)
(188) (205)
(189,191) (213)
(190) (212)
(192) (125)
(193) (215)
(201) (359)
(209) (351,353,360)
(211) (220)
(216) (221)
(217) (222)
(219) (361)
() ()
(220) (362)
(221) (363)
(222) (361)
(223) (366,364)
(224) (365)
(226) (367)
(227) (371)
(228) (370)
(229) (372,377)
(230) (373)
(231) (361)
(232) (374)
(233) (376)
(234) (378)
(235) (381)
(236) (257)
(237) (383)
(238) (384)
(239) (272)
(240) (385)
(241) (386)
(242) (388)
(243) (390)
(244) (391)
(245) (394)
(246) (395)
(247) (396)
(248) (289)
(249) (399)
(250,251) (302,471)
(252) (400)
(253) (308)
(254) (310)
(255) (311)
(256) (402)
(257) (403)
(258) (404)
(259) (409)
(260) (410)
(261) (413)
(262,263) (485)
(264) (320)
(265) (325)
(267) (415)
(268) (346)
(269) (347)
(273) (422)
(274) (423)
(275) (425)
(276) (428)
(277) (427,429,430)
(278) (350)
(279) (432)
(281) (434)
(282) (352)
(283) (435)
(284) (438,439)
(285) (441)
(286) (444)
(304) (446)
(305) (448)
(306) (445)
(307) (450)
(308) (451)
(309) (452,453)
(310) (456)
(311) (557)
(312) (458)
(313) (459)
(314) (460)
(315) (561)
(316) (462)
(317) (464)
(318) (466)
(319) (467)
(320) (573)
(321) (575)
(322) (468)
(323) (469)
(325) (478)
(326) (472)
(327) (476)
(328) (481)
(329) (409,483)
(331) (385)
(333) (590)
(334) (487,489)
(335) (488)
(338) (490)
(339) (475)
(340) (497)
(341) (496)
(342) (416)
(344) (504)
(345) (506)
(346) (505)
(347) (507)
(348) (508)
(349) (509)
(350) (510)
(351) (420)
(352) (511)
(353) (512)
(355) (516)
(356) (513)
(357) (514,600)
(358) (517)
(361) (518)
(362) (604,605)
(363) (521)
(364) (520)
(365) (519)
(366) (431)
(367) (524)
(368) (525)
(369) (526)
(370) (527)
(372) (528)
(374) (529)
(375) (530)
(376) (534)
(377) (531)
(378) (533)
(380) (535)
(381) (536)
(382) (537)
(383) (538)
(384) (539)
(385) (443)
(386) (612)
(387) (503)
(388) (541)
(389) (542)
(391) (544)
(395) (548)
(396) (547)
(404) (550)
(405) (551)
(407) (559)
(408) (645)
(409) (560)
(410) (651)
(411,412) (563,654)
(413) (562)
(414) (564)
(415) (659)
(417,418) (566)
(419) (567)
(421) (574)
(422) (677)
(423) (681)
(424) (576)
(425) (580)
(426) (581)
(427) (583)
(428) (590)
(429) (591)
(430) (707)
(431) (706)
(432,434) (712)
(433) (599)
(436) (713)
(437) (715)
(438) (716)
(439) (606)
(440) (719)
(441) (723)
(442) (609,728)
(443) (730)
(444) (737)
(445) (739)
(446) (611,613)
(448) (541)
(468) (620)
(469) (622)
(470) (623)
(471) (625)
(473) (627)
(481) (643)
(483) (646)
(484) (647)
(486) (650)
(487) (667)
(488) (660)
(493) (664)
(494) (669)
(498) (673)
(499) (674)
(501) (684)
(502) (688)
(504) (690)
(505,506) (691)
(507) (693)
(511) (697)
(513) (699)
(516) (700)
(517) (701)
(519) (703)
(522) (704)
(524) (705)
(525) (708)
(529) (710)
(530) (711)
(531) (714)
(14) (35)
(15) (25)
(23) (48)
(35) (59)
(37) (69)
(41) (78)
(45) (86)
(55) (110)
(63) (140)
(64) (142)
(65) (147)
(66) (146)
(68) (149)
(72) (157)
(76) (167)
(79) (168)
(85) (205)
(93) (217)
(98) (235)
(99) (233)
(112) (260)
(113) (262)
(116) (273)
(118) (277)
(119) (279)
(132) (55)
(133) (300)
(134) (315,319)
(138) (70)
(141) (75)
(148) (326)
(151) (98)
(154) (331)
(155) (318)
(157) (93)
(158) (121,122)
(160) (119)
(161) (123)
(163) (126)
(166) (336)
(177) (343)
(172) (125)
(185) (191)
(222) (361)
(227) (369)
(246) (467)
(266) (327)
(280) (433)
(284) (538)
(304) (477,494)
(330) (484)
(341) (499)
(342) (500)
(343) (501)
(354) (421)
(359) (515)
(405) (627)
(420) (571)
(476) (634)
(479) (642)
(490) (662)
(503) (689)
(511) (696)
(528) (709)
(537) (711)
(538) (714)