1 1874
2 3464
3 6
4 992
5 1973
6 553
7 703
8 5625
9 14
10 2162
11 1922
12 310
13 194
14 1458
15 1953
16 171
17 6419
18 991
19 362
20 1552
21 2274
22 301
23 6
24 305
25 595
26 952
27 2316
28 1519
29 976
30 5593
31 5905
32 3476
33 39
34 1530
35 4711
36 171
37 1446
38 1492
39 1491
40 6506
41 119
42 739
43 218
44 2133
45 1913
46 584
47 475
48 201
49 4099
50 5779
51 3242
52 2070
53 5824
54 4639
55 1609
56 1092
57 6642
58 329
59 232
60 230
61 3819
62 237
63 3268
65 569
66 467
67 1450
68 1553
69 5018
70 2610
71 3779
72 3402
73 1425
74 3779
75 5984
76 14
77 6708
78 2773
79 2329
80 3780
81 2330
82 103
83 242
84 6769
85 2476
86 4063
87 1469
88 249
89 5662
90 5162
91 1188
92 2019
93 630
94 4215
95 1486
96 1600
97 1184
98 1611
99 4063
100 1189
101 3145
102 1480
103 5053
104 6454
105 1184
106 603
107 1196
108 1846
109 633
110 264
111 693
112 284
113 5189
114 149
115 643
116 2231
117 139
118 2360
119 146
120 650
121 145
122 1124
123 1856
124 152
125 1856
126 153
127 154
128 149
129 531
130 2230
131 1426
132 659
133 6954
134 660
135 661
136 4838
137 6401
138 54
139 662
140 663
141 279
142 2283
143 6267
144 2937
145 6505
146 6506
147 280
148 1408
149 669
150 3610
151 860
152 4834
153 670
154 1536
155 2752
156 3276
157 3801
158 5182
159 1441
160 149
161 3561
162 1648
163 1861
164 4096
165 616
166 4752
167 2710
168 681
169 4744
170 692
171 2017
172 1942
173 288
174 1443
175 6800
176 6580
177 4525
178 5498
179 4530
180 4531
181 1231
182 4147
183 1080
184 1278
185 1257
186 4679
187 1452
188 5713
189 5121
190 4187
191 1848
192 4020
193 994
194 697
195 146
196 5360
197 116
198 1078
199 4038
200 1023
201 4566
202 2828
203 6835
204 5514
205 270
206 6288
207 4612
208 2549
209 4582
210 6343
211 2453
212 1408
213 142
214 5335
215 6068
216 5597
217 1960
218 1870
219 1497
220 1832
221 1023
222 4510
223 1822
224 2659
225 3824
226 6756
227 1539
228 1527
229 6938
230 3456
231 134
232 4744
233 3166
234 3491
235 2139
236 6877
237 2954
238 3509
239 1348
240 971
241 3034
242 2561
243 3562
244 6251
245 3331
246 2273
247 3184
248 3512
249 1642
250 3887
251 6644
252 981
253 1960
254 3159
255 2544
256 302
257 303
258 4503
259 304
260 1876
261 306
262 3683
263 1545
264 1564
265 726
266 447
267 1698
268 3887
269 6
270 381
271 1639
272 1640
273 1544
274 953
275 1581
276 1580
277 1133
278 315
279 2022
280 2140
281 1139
282 320
283 460
284 5909
285 1696
286 1539
287 1266
288 3295
289 6096
290 6916
291 5623
292 1092
293 1466
294 330
295 746
296 1644
297 1645
298 1607
299 419
300 333
301 6430
302 3822
303 312
304 1574
305 314
306 315
307 316
308 317
309 201
310 1649
311 2273
312 1638
313 134
314 1646
315 3602
316 407
317 4204
318 4205
319 410
320 1212
321 1619
322 1196
323 685
324 1876
325 3820
328 768
329 267
330 342
331 343
332 4099
333 5349
334 1997
335 268
336 4541
337 1998
338 3820
339 271
340 5348
341 82
342 1168
343 3476
344 1441
345 346
346 347
347 1876
348 1887
349 647
350 5165
351 3541
352 1998
353 349
354 350
355 2808
356 1995
357 370
358 1838
359 1087
360 5893
361 1994
362 352
363 1419
364 1443
365 1512
366 1408
367 4510
368 5172
369 1995
370 1992
371 951
372 4622
373 951
374 1837
375 3370
376 669
377 1091
378 1422
379 1836
380 689
381 5221
382 6655
383 1833
384 3157
385 5647
386 3498
387 5992
388 1493
389 2132
390 1567
391 1874
392 2571
393 922
394 1602
395 6821
396 3142
397 4691
398 2345
399 6870
400 3228
401 3267
402 3263
403 150
404 142
405 2495
406 117
407 1039
408 4639
409 4778
410 2849
411 2008
412 2825
413 3864
414 2549
415 2672
416 1879
417 3171
418 6237
419 6517
420 6216
421 6881
422 6500
423 2141
424 2545
425 5402
426 1117
427 6163
428 4111
429 4735
430 2516
431 2517
432 2654
433 2322
434 698
435 296
436 5172
437 1783
438 1874
439 371
440 2923
441 372
442 373
443 1655
444 1720
445 108
446 2190
447 2189
448 1222
449 1722
450 375
451 2398
452 1715
453 1718
454 1662
455 1786
456 378
457 379
458 1328
459 575
460 797
461 1665
462 6850
463 2585
464 5479
465 1658
466 2151
467 1695
468 6449
469 3952
470 2131
471 332
472 331
473 1250
474 5604
475 743
476 817
477 1676
478 1439
479 5248
480 305
481 6369
482 2005
483 4633
484 2913
485 2030
486 5213
487 638
488 3358
489 1204
490 1699
491 1968
492 6227
493 161
494 4317
495 277
496 3620
497 3619
498 5310
499 437
500 438
501 1848
502 1848
503 5059
504 5182
505 5059
506 6563
507 3769
508 3757
509 4980
510 5862
511 3509
512 831
513 832
514 708
515 1956
516 838
517 839
518 2139
519 437
520 6756
521 6898
522 769
523 4813
524 697
525 2334
526 6750
527 1792
528 2284
529 5052
530 5732
531 3331
532 5895
533 446
534 1769
535 5546
536 443
537 1722
538 446
539 482
540 3581
541 1736
542 1721
543 449
544 1765
545 452
546 1787
547 454
548 456
549 455
550 457
551 458
552 6518
553 459
554 1148
555 460
556 461
557 1857
558 1760
559 463
560 4946
561 4905
562 1673
563 4547
564 466
565 467
566 468
567 469
568 2212
569 470
570 471
571 472
572 416
573 417
574 473
575 474
576 254
577 420
578 2472
579 2473
580 4746
581 781
582 422
583 5165
584 2118
585 774
586 837
587 838
588 839
589 430
590 431
591 434
592 435
593 436
594 4658
595 5809
596 3414
597 904
598 2689
599 3268
600 1239
601 364
602 429
603 1990
604 6662
605 437
606 1416
607 370
608 6563
609 2221
610 3228
611 6518
612 4805
613 6757
614 5147
615 6505
616 6177
617 3946
618 6071
619 510
620 5303
621 3245
622 1708
623 1759
624 487
625 1777
626 1357
627 488
628 851
629 507
630 1776
631 142
632 3399
633 3108
634 5715
635 4807
636 4808
637 1769
638 1782
639 2165
640 5009
641 1803
642 4204
643 4205
644 2206
645 5847
646 2164
647 952
648 498
649 1709
650 3311
651 908
652 1986
653 1475
654 1178
655 4204
656 1019
657 3561
658 4496
659 2522
660 6226
661 2005
662 6071
663 4979
664 502
665 506
666 6756
667 695
668 3428
669 1789
670 510
671 2500
672 90
673 1796
674 1755
675 1802
676 2592
677 904
678 496
679 497
680 4825
681 934
682 1918
683 1387
684 519
685 917
686 3430
687 1823
688 1818
689 511
690 1023
691 930
692 3685
693 931
694 512
695 513
696 514
697 515
698 516
699 5414
700 2995
701 517
702 1205
703 1644
704 1352
705 1824
706 1821
707 2264
708 944
709 945
710 526
711 527
712 528
713 531
714 532
715 6237
716 6756
717 198
718 543
719 1829
720 948
721 6908
722 6386
723 1832
724 2546
725 2453
726 2454
727 1874
728 2274
729 812
730 5172
731 992
732 295
733 296
734 2141
735 3214
736 150
737 2062
738 35
739 2057
740 6161
741 710
742 800
743 1953
744 397
745 713
746 802
747 3353
748 6533
749 301
750 717
751 305
752 595
753 2422
754 722
755 2475
756 306
757 2147
758 307
759 308
760 240
761 730
762 1567
763 735
764 1504
765 2022
766 865
767 803
768 716
769 387
770 1539
771 1540
772 376
773 1041
774 5623
775 5054
776 744
777 745
778 749
779 558
780 2329
781 2331
782 1089
783 242
784 5929
785 3036
786 5725
787 716
788 1501
789 1963
790 2038
791 134
792 3565
793 6889
794 2019
795 408
796 408
797 407
798 4204
799 1179
800 1189
801 2030
802 1184
803 3197
804 2929
805 132
806 4844
807 2788
808 6072
809 2047
810 4228
811 263
812 634
813 3353
814 2426
815 5175
816 768
817 637
818 5349
819 1997
820 2937
821 1998
822 2231
823 139
824 82
825 4510
826 3476
827 346
828 347
829 1876
830 2624
831 5955
832 161
833 2923
834 3762
835 5040
836 5955
837 649
838 2928
839 1856
840 4058
841 4106
842 531
843 2230
844 348
845 6961
846 96
847 54
848 3560
849 662
850 777
851 663
852 778
853 1419
854 1887
855 5955
856 632
857 6548
858 5172
859 1650
860 3513
861 2284
862 3150
863 1992
864 676
865 2360
866 285
867 6392
868 3772
869 286
870 1856
871 669
872 654
873 5338
874 792
875 1402
876 1744
877 708
878 4031
879 572
880 5809
881 1091
882 5221
883 1757
884 5725
885 2383
886 1859
887 3820
888 2369
889 783
890 1833
891 1834
892 4621
893 1569
894 2571
895 5768
896 798
897 1645
898 4792
899 4791
900 531
901 6870
902 3566
903 3198
904 3142
905 3062
906 3228
907 3482
908 2378
909 2378
910 2294
911 5893
912 3070
913 171
914 1946
915 6903
916 1970
917 4813
918 5874
919 943
920 2909
921 3566
922 6829
923 1117
924 1605
925 3873
926 5672
927 3798
928 6163
929 3162
930 3493
931 1960
932 4260
933 3432
934 6517
935 5550
936 2359
937 382
938 6876
939 4139
940 4407
941 2273
942 2322
943 639
944 698
945 699
946 1642
947 1874
948 1108
949 784
950 553
951 786
952 787
953 1960
954 2788
955 2189
956 374
957 375
958 2005
959 1876
960 464
961 380
962 381
963 796
964 678
965 797
966 2446
967 1316
968 853
969 710
970 800
971 2450
972 802
973 806
974 809
975 1099
976 1266
977 740
978 389
979 5623
980 4279
981 811
982 812
983 1645
984 3818
985 2324
986 5677
987 3822
988 314
989 315
990 2589
991 711
992 718
993 6369
994 2005
995 1494
996 4633
997 2271
998 412
999 411
1000 1196
1001 5213
1002 3802
1003 2000
1004 637
1005 1520
1006 828
1007 647
1008 160
1009 2362
1010 2363
1011 833
1012 3757
1013 781
1014 2922
1015 3864
1016 286
1017 150
1018 1990
1019 1899
1020 3499
1021 1722
1022 2529
1023 769
1024 6821
1025 1248
1026 3752
1027 533
1028 150
1029 142
1030 4951
1031 6801
1032 4451
1033 1001
1034 5736
1035 572
1036 5917
1037 6510
1038 4658
1039 6216
1040 2005
1041 5360
1042 792
1043 445
1044 847
1045 379
1046 447
1047 448
1048 1328
1049 678
1050 852
1051 1539
1052 453
1053 455
1054 457
1055 861
1056 5084
1057 862
1058 817
1059 1148
1060 2045
1061 869
1062 870
1063 2743
1064 5011
1065 6531
1066 873
1067 2422
1068 876
1069 877
1070 878
1071 879
1072 880
1073 341
1074 827
1075 2430
1076 775
1077 886
1078 832
1079 5310
1080 12
1081 11
1082 906
1083 3414
1084 904
1085 5426
1086 4289
1087 3769
1088 2472
1089 2473
1090 1239
1091 1648
1092 835
1093 1178
1094 4204
1095 1059
1096 842
1097 906
1098 5779
1099 6756
1100 6517
1101 703
1102 3531
1103 6835
1104 2941
1105 5932
1106 146
1107 2272
1108 992
1109 6905
1110 6586
1111 6226
1112 4240
1113 5147
1114 2318
1115 1122
1116 899
1117 6962
1118 945
1119 3341
1120 918
1121 897
1122 2501
1123 5232
1124 6960
1125 2249
1126 847
1127 1350
1128 483
1129 1708
1130 486
1131 487
1132 507
1133 489
1134 2459
1135 490
1136 2208
1137 493
1138 2439
1139 5162
1140 403
1141 878
1142 1701
1143 2472
1144 2473
1145 2478
1146 2479
1147 1344
1148 2507
1149 892
1150 2510
1151 479
1152 2312
1153 11
1154 906
1155 3414
1156 895
1157 2511
1158 2478
1159 2479
1160 2480
1161 890
1162 3561
1163 4133
1164 1643
1165 5147
1166 5365
1167 1439
1168 510
1169 503
1170 504
1171 505
1172 506
1173 1357
1174 913
1175 508
1176 4030
1177 3379
1178 2517
1179 3434
1180 918
1181 919
1182 520
1183 2802
1184 1563
1185 2125
1186 2505
1187 2511
1188 921
1189 923
1190 924
1191 6009
1192 3241
1193 1186
1194 3650
1195 2805
1196 299
1197 929
1198 521
1199 522
1200 276
1201 920
1202 931
1203 932
1204 1387
1205 1507
1206 941
1207 932
1208 933
1209 934
1210 2493
1211 2544
1212 936
1213 4158
1214 4494
1215 540
1216 1403
1217 943
1218 946
1219 937
1220 6506
1221 948
1222 949
1223 950
1224 4567
1225 6523
1226 3329
1227 948
1228 832
1229 4063
1230 937
1231 5165
1232 161
1233 35
1234 5165
1235 5686
1236 6643
1237 6644
1238 5898
1239 5990
1240 2836
1241 3288
1242 1954
1243 4911
1244 6916
1245 2839
1246 5832
1247 2705
1248 1125
1249 4656
1250 5953
1251 2437
1252 2437
1253 1243
1254 2338
1255 976
1256 3168
1257 135
1258 1553
1259 4342
1260 3158
1261 3526
1262 6226
1263 992
1264 5265
1265 1128
1266 1129
1267 5053
1268 5514
1269 2003
1270 4126
1271 1581
1272 1580
1273 3619
1274 389
1275 1641
1276 3619
1277 339
1278 1134
1279 4545
1280 1004
1281 146
1282 1137
1283 2140
1284 1139
1285 262
1286 994
1287 1162
1288 139
1289 2141
1290 1932
1291 1168
1292 1876
1293 1129
1294 160
1295 4464
1296 3541
1297 1240
1298 1575
1299 1574
1300 5933
1301 5817
1302 689
1303 640
1304 1023
1305 1152
1306 5766
1307 1133
1308 1134
1309 1154
1310 343
1311 1030
1312 1135
1313 1585
1314 1838
1315 3476
1316 1168
1317 1138
1318 1139
1319 1408
1320 1142
1321 1153
1322 662
1323 1247
1324 1061
1325 1246
1326 5456
1327 1053
1328 1994
1329 1168
1330 3033
1331 595
1332 2879
1333 367
1334 1592
1335 1942
1336 4118
1337 4335
1338 5955
1339 6401
1340 3757
1341 4510
1342 3296
1343 3548
1344 1995
1345 6289
1346 1172
1347 1173
1348 2667
1349 798
1350 797
1351 3606
1352 3537
1353 2897
1354 1174
1355 1696
1356 1992
1357 4510
1358 630
1359 1056
1360 5952
1361 2345
1362 1856
1363 280
1364 1068
1365 2873
1366 820
1367 1675
1368 1753
1369 690
1370 1856
1371 290
1372 1424
1373 1181
1374 756
1375 188
1376 1080
1377 1081
1378 5217
1379 154
1380 2360
1381 41
1382 145
1383 754
1384 1092
1385 3222
1386 6678
1387 3560
1388 3560
1389 1086
1390 1087
1391 1525
1392 4510
1393 1525
1394 1196
1395 5955
1396 5955
1397 666
1398 6406
1399 5230
1400 410
1401 1196
1402 4510
1403 2318
1404 4388
1405 1638
1406 1525
1407 2929
1408 2919
1409 1630
1410 5955
1411 686
1412 647
1413 411
1414 6576
1415 1887
1416 1101
1417 384
1418 1202
1419 5891
1420 1203
1421 1204
1422 2287
1423 1107
1424 5562
1425 512
1426 687
1427 834
1428 1105
1429 3142
1430 2442
1431 1265
1432 6286
1433 4780
1434 6448
1435 5893
1436 669
1437 2402
1438 6843
1439 735
1440 3433
1441 6821
1442 3788
1443 142
1444 6493
1445 2941
1446 613
1447 228
1448 3934
1449 2809
1450 4035
1451 1501
1452 1623
1453 2699
1454 3162
1455 150
1456 1613
1457 5756
1458 6216
1459 1109
1460 4238
1461 2571
1462 6895
1463 2571
1464 4016
1465 5836
1466 2367
1467 4071
1468 5547
1469 3769
1470 3290
1471 4180
1472 125
1473 1020
1474 2825
1475 6923
1476 6177
1477 6881
1478 4167
1479 4159
1480 3584
1481 142
1482 4353
1483 140
1484 131
1485 1546
1486 853
1487 3865
1488 2319
1489 201
1490 6187
1491 6137
1492 743
1493 3772
1494 937
1495 3799
1496 742
1497 2008
1498 5645
1499 5550
1500 2017
1501 1883
1502 2923
1503 1876
1504 1549
1505 204
1506 899
1507 370
1508 4936
1509 2022
1510 2942
1511 1539
1512 1222
1513 1123
1514 5604
1515 1225
1516 1228
1517 393
1518 1439
1519 651
1520 4633
1521 1231
1522 420
1523 296
1524 6369
1525 2687
1526 740
1527 2836
1528 1646
1529 1128
1530 5514
1531 750
1532 2000
1533 5175
1534 3762
1535 2624
1536 1647
1537 1996
1538 3142
1539 1148
1540 5527
1541 2958
1542 750
1543 2600
1544 951
1545 348
1546 5414
1547 1419
1548 6455
1549 1129
1550 4872
1551 1250
1552 1251
1553 951
1554 1252
1555 1325
1556 2974
1557 1086
1558 1328
1559 1539
1560 1540
1561 466
1562 1058
1563 1416
1564 6263
1565 1694
1566 1265
1567 1060
1568 2385
1569 1180
1570 1266
1571 697
1572 1183
1573 769
1574 3142
1575 1092
1576 3509
1577 1187
1578 2638
1579 1610
1580 3880
1581 2136
1582 3000
1583 134
1584 1016
1585 6251
1586 4791
1587 5893
1588 1706
1589 1707
1590 5623
1591 1205
1592 5931
1593 2269
1594 4857
1595 2645
1596 5843
1597 2719
1598 6574
1599 1848
1600 4980
1601 6877
1602 1773
1603 4673
1604 6177
1605 3783
1606 3864
1607 2453
1608 4652
1609 4048
1610 3228
1611 5589
1612 534
1613 2268
1614 1870
1615 4710
1616 678
1617 560
1618 575
1619 1349
1620 3075
1621 3017
1622 2774
1623 3022
1624 3023
1625 3019
1626 3072
1627 1312
1628 383
1629 1350
1630 1314
1631 1313
1632 1649
1633 1315
1634 1316
1635 3072
1636 1235
1637 1352
1638 1712
1639 123
1640 1320
1641 1226
1642 1321
1643 1322
1644 1241
1645 2747
1646 1323
1647 3267
1648 2600
1649 2689
1650 3268
1651 1250
1652 139
1653 1261
1654 1262
1655 1359
1656 6922
1657 1333
1658 1334
1659 1329
1660 1330
1661 1331
1662 4204
1663 1178
1664 2083
1665 1416
1666 1602
1667 1338
1668 837
1669 2385
1670 1335
1671 1339
1672 1340
1673 1341
1674 1342
1675 843
1676 4260
1677 843
1678 480
1679 6821
1680 1148
1681 1279
1682 1280
1683 5863
1684 743
1685 1285
1686 2740
1687 441
1688 1335
1689 2431
1690 1286
1691 1287
1692 1294
1693 832
1694 886
1695 1282
1696 6227
1697 4550
1698 1300
1699 1301
1700 773
1701 2646
1702 1303
1703 3441
1704 3382
1705 2309
1706 5823
1707 4813
1708 2013
1709 3362
1710 3361
1711 1205
1712 1353
1713 2654
1714 6429
1715 6104
1716 3146
1717 3562
1718 3561
1719 2141
1720 5758
1721 6517
1722 6510
1723 6518
1724 1740
1725 2805
1726 3239
1727 6226
1728 1243
1729 5819
1730 1348
1731 6821
1732 3015
1733 1370
1734 3245
1735 2801
1736 1330
1737 614
1738 4205
1739 4204
1740 1351
1741 1372
1742 1353
1743 3073
1744 1372
1745 2019
1746 1318
1747 3074
1748 1355
1749 1373
1750 2249
1751 1356
1752 1709
1753 1337
1754 3399
1755 4535
1756 703
1757 5715
1758 1344
1759 3
1760 18
1761 6905
1762 6913
1763 1345
1764 1346
1765 2766
1766 1367
1767 5859
1768 3060
1769 3060
1770 1129
1771 3441
1772 1047
1773 1475
1774 5779
1775 3907
1776 1129
1777 6226
1778 2005
1779 4091
1780 1310
1781 1386
1782 3100
1783 3101
1784 3434
1785 3098
1786 4819
1787 1388
1788 3105
1789 1388
1790 1374
1791 1389
1792 6541
1793 1357
1794 3830
1795 4823
1796 6756
1797 3306
1798 1364
1799 2802
1800 1382
1801 1367
1802 1153
1803 1368
1804 1383
1805 1384
1806 678
1807 6137
1808 822
1809 1986
1810 3120
1811 3430
1812 3368
1813 3685
1814 522
1815 1390
1816 3580
1817 1378
1818 1394
1819 1379
1820 1380
1821 1397
1822 1401
1823 1012
1824 1382
1825 2795
1826 1385
1827 2718
1828 1403
1829 1393
1830 1395
1831 1396
1832 1398
1833 1399
1834 1400
1835 1402
1836 6757
1837 4733
1838 6757
1839 4733
1840 3133
1841 3134
1842 1391
1843 538
1844 539
1845 995
1846 4298
1847 3140
1848 1407
1849 1829
1850 2274
1851 6867
1852 4520
1853 1383
1854 2270
1855 3141
1856 2454
1857 2453
1858 2630
1859 569
1860 4427
1861 5918
1862 2647
1863 5162
1864 615
1865 2940
1866 5840
1867 985
1868 2141
1869 1203
1870 4910
1871 5165
1872 4541
1873 3012
1874 1919
1875 1053
1876 2588
1877 2378
1878 3273
1879 464
1880 65
1881 5165
1882 4890
1883 3325
1884 4213
1885 3142
1887 327
1888 326
1889 1876
1890 6662
1891 6072
1892 6218
1893 1876
1894 389
1895 3168
1896 6401
1897 671
1898 1408
1899 245
1900 204
1901 5533
1902 5686
1903 3144
1904 4226
1905 3145
1906 1413
1907 1862
1908 6850
1909 3321
1910 639
1911 2016
1912 4347
1913 1422
1914 3152
1915 1250
1916 3160
1917 1846
1918 3158
1919 3465
1920 1428
1921 1078
1922 5623
1923 1566
1924 87
1925 5621
1926 1441
1927 1568
1928 1445
1929 642
1930 3171
1931 3173
1932 3062
1933 3511
1934 1856
1935 1408
1936 3797
1937 1451
1938 1452
1939 1451
1940 1452
1941 1580
1942 1581
1943 153
1944 1039
1945 999
1946 1452
1947 4580
1948 1590
1949 3525
1950 1212
1951 1173
1952 1578
1953 1587
1954 154
1955 145
1956 1595
1957 1474
1958 4016
1959 6187
1960 3207
1961 5808
1962 408
1963 6563
1964 5508
1965 6582
1966 681
1967 3934
1968 1601
1969 2662
1970 2209
1971 1482
1972 526
1973 6520
1974 993
1975 1567
1976 2825
1977 168
1978 249
1979 1490
1980 1675
1981 3602
1982 3124
1983 1606
1984 1607
1985 689
1986 1566
1987 2051
1988 142
1989 1493
1990 3000
1991 3673
1992 4389
1993 1451
1994 1457
1995 899
1996 5492
1997 142
1998 5547
1999 268
2000 3251
2001 6245
2002 5559
2003 689
2004 3251
2005 3407
2006 6621
2007 3886
2008 1519
2009 5418
2010 1617
2011 1691
2012 116
2013 2637
2014 669
2015 1619
2016 2434
2017 5084
2018 3667
2019 1497
2020 1628
2021 3310
2022 6274
2023 3252
2024 1809
2025 3255
2026 3313
2027 3184
2028 3198
2029 3254
2030 1111
2031 2162
2032 1639
2033 1640
2034 1633
2035 6539
2036 1638
2037 4719
2038 1533
2039 681
2040 601
2041 5236
2042 985
2043 6757
2044 6838
2045 953
2046 2231
2047 2232
2048 613
2049 1539
2050 3405
2051 2849
2052 4257
2053 2941
2054 739
2055 4657
2056 1611
2057 1608
2058 4447
2059 6
2060 951
2061 5712
2062 2072
2063 4751
2064 3886
2065 1876
2066 6430
2067 2658
2068 2705
2069 740
2070 3210
2071 3548
2072 2080
2073 1439
2074 270
2075 6068
2076 188
2077 6668
2078 3464
2079 3271
2080 348
2081 3270
2082 3887
2083 6644
2084 3561
2085 2398
2086 4204
2087 1833
2088 3458
2089 2000
2090 1995
2091 3276
2092 1554
2093 1992
2094 3463
2095 1836
2096 344
2097 419
2098 4033
2099 342
2100 1652
2101 1715
2102 3512
2103 553
2104 1563
2105 3334
2106 3281
2107 1656
2108 1657
2109 3283
2110 1996
2111 437
2112 1448
2113 6860
2114 2534
2115 361
2116 360
2117 1730
2118 1576
2119 1577
2120 1665
2121 1578
2122 1579
2123 1582
2124 1583
2125 1668
2126 1669
2127 429
2128 1592
2129 364
2130 3456
2131 5484
2132 1394
2133 6517
2134 3267
2135 3344
2136 563
2137 3142
2138 4161
2139 1479
2140 1674
2141 5516
2142 330
2143 1603
2144 2988
2145 3561
2146 3047
2147 6214
2148 1438
2149 3530
2150 6104
2151 1690
2152 1328
2153 3306
2154 164
2155 1887
2156 3309
2157 2225
2158 3228
2159 161
2160 2139
2161 187
2162 5895
2163 2157
2164 6369
2165 1701
2166 5867
2167 5893
2168 4196
2169 3618
2170 3617
2171 1636
2172 1637
2173 1434
2174 2068
2175 3263
2176 4502
2177 1116
2178 2635
2179 3509
2180 6563
2181 3769
2182 3146
2183 1026
2184 5172
2185 1457
2186 2840
2187 4696
2188 1479
2189 678
2190 1840
2191 951
2192 951
2193 1196
2194 6662
2195 841
2196 5165
2197 3267
2198 3634
2199 1893
2200 4905
2201 3581
2202 1857
2203 3762
2204 3559
2205 6184
2206 2000
2207 4033
2208 2198
2209 6449
2210 1730
2211 6975
2212 1665
2213 3373
2214 1730
2215 1722
2216 441
2217 1724
2218 1725
2219 6241
2220 1726
2221 4853
2222 1727
2223 3381
2224 3188
2225 3189
2226 1770
2227 3380
2228 1666
2229 1667
2230 690
2231 480
2232 3064
2233 3448
2234 477
2235 466
2236 1732
2237 2094
2238 420
2239 3389
2240 1734
2241 1735
2242 3388
2243 3343
2244 3345
2245 1738
2246 1739
2247 1740
2248 125
2249 1741
2250 1673
2251 3748
2252 949
2253 744
2254 2663
2255 438
2256 1743
2257 280
2258 42
2259 1676
2260 1677
2261 1678
2262 1679
2263 1294
2264 4952
2265 1680
2266 1681
2267 6510
2268 4806
2269 1682
2270 3233
2271 1139
2272 5861
2273 3632
2274 2456
2275 156
2276 421
2277 2316
2278 162
2279 4869
2280 1699
2281 3620
2282 1148
2283 6260
2284 2678
2285 3264
2286 1888
2287 4746
2288 2892
2289 743
2290 5992
2291 20
2292 1602
2293 805
2294 4204
2295 5165
2296 4204
2297 1178
2298 1709
2299 311
2300 1857
2301 3559
2302 3629
2303 2206
2304 3404
2305 1759
2306 1757
2307 1758
2308 3371
2309 3408
2310 1761
2311 1762
2312 1763
2313 5764
2314 3375
2315 1765
2316 501
2317 1796
2318 1769
2319 3381
2320 1722
2321 3409
2322 3410
2323 1797
2324 4979
2325 3387
2326 2164
2327 3415
2328 1804
2329 3133
2330 1772
2331 1773
2332 1774
2333 1775
2334 1777
2335 4645
2336 473
2337 1781
2338 1778
2339 1779
2340 3421
2341 1783
2342 1738
2343 1739
2344 1740
2345 498
2346 4744
2347 5925
2348 5762
2349 5861
2350 3632
2351 5221
2352 3399
2353 6898
2354 5771
2355 942
2356 1509
2357 4778
2358 5715
2359 3264
2360 2241
2361 142
2362 6905
2363 6935
2364 2386
2365 1753
2366 1792
2367 1768
2368 1766
2369 1767
2370 1807
2371 1352
2372 1798
2373 1784
2374 1785
2375 2738
2376 133
2377 488
2378 516
2379 3428
2380 1475
2381 1209
2382 5428
2383 5414
2384 2206
2385 3368
2386 3430
2387 1814
2388 3406
2389 1816
2390 3434
2391 4330
2392 531
2393 1795
2394 517
2395 1798
2396 1800
2397 1818
2398 1820
2399 1805
2400 1806
2401 6344
2402 516
2403 1810
2404 3120
2405 1205
2406 524
2407 6236
2408 525
2409 1644
2410 3867
2411 1822
2412 529
2413 3453
2414 3449
2415 1827
2416 1828
2417 2755
2418 3120
2419 3448
2420 537
2421 198
2422 3454
2423 3455
2424 242
2425 6408
2426 4095
2427 6386
2428 6593
2429 3456
2430 2545
2431 4166
2432 1196
2433 3883
2434 4200
2435 5966
2436 1239
2437 5955
2438 1602
2439 1998
2440 5955
2441 6877
2442 2303
2443 4620
2444 3457
2445 3458
2446 2063
2447 299
2448 3461
2450 1536
2451 4110
2452 5786
2453 1836
2454 117
2455 3463
2456 3742
2457 1832
2458 67
2459 5732
2460 948
2461 2863
2462 935
2463 1639
2464 2476
2465 5955
2466 6985
2467 3933
2468 334
2469 3464
2470 1839
2471 4519
2472 4185
2473 1740
2474 5284
2475 2825
2476 6455
2477 6744
2478 1774
2479 6247
2480 5496
2481 3562
2482 3561
2483 4890
2484 2723
2485 2623
2486 5431
2487 615
2488 3171
2489 3263
2490 2849
2491 4670
2492 3208
2493 2540
2494 1408
2495 1774
2496 4551
2497 2853
2498 6284
2499 1848
2500 4018
2501 2183
2502 6821
2503 6510
2504 149
2505 4922
2506 4923
2507 744
2508 3308
2509 268
2510 4204
2511 3772
2512 1874
2513 2
2514 770
2515 3765
2516 1078
2517 1497
2518 2654
2519 3382
2520 2842
2521 4134
2522 3401
2523 1846
2524 4147
2525 1225
2526 4839
2527 5492
2528 1493
2529 2571
2530 3325
2531 5360
2532 2005
2533 2011
2535 703
2536 1856
2537 4427
2538 1649
2539 654
2540 1859
2541 1466
2542 6096
2543 6916
2544 3972
2545 3405
2546 199
2547 4063
2548 1864
2549 1861
2550 647
2551 3820
2552 1539
2553 2361
2554 137
2555 1888
2556 1569
2557 1584
2558 5062
2559 351
2560 84
2561 2320
2562 2018
2563 2023
2564 1882
2565 2023
2566 5623
2567 2929
2568 1893
2569 307
2570 3519
2571 2052
2572 315
2573 314
2574 6258
2575 4503
2576 6579
2577 2031
2578 1447
2579 5054
2580 317
2581 2060
2582 1190
2583 6448
2584 6676
2585 2004
2586 3814
2587 245
2588 5471
2589 245
2590 6093
2591 1961
2592 5172
2593 1907
2594 2067
2595 3159
2596 3887
2597 545
2598 5431
2599 1887
2600 2036
2601 1613
2602 2123
2603 3602
2604 2048
2605 1998
2606 2051
2607 1111
2608 2043
2609 3314
2610 3519
2611 3520
2612 2055
2613 2056
2614 4018
2615 3512
2616 315
2617 314
2618 3540
2619 2140
2620 2921
2621 3985
2622 2058
2623 319
2624 1661
2625 1662
2626 197
2627 1196
2628 2053
2629 1607
2630 3541
2631 3544
2632 6159
2633 2070
2634 3822
2635 3550
2636 5623
2639 2318
2640 229
2641 6541
2642 6379
2643 704
2644 1974
2645 6568
2646 953
2647 3904
2648 6834
2649 6269
2650 3887
2651 6902
2652 3901
2653 162
2654 4918
2655 188
2656 5609
2657 2141
2658 858
2659 2139
2660 5370
2661 188
2662 1059
2663 5968
2664 1657
2665 2584
2666 1422
2667 3064
2668 334
2669 1993
2670 5492
2671 446
2672 2084
2673 3560
2674 1996
2675 1501
2676 917
2677 1983
2678 4691
2679 6676
2680 3762
2681 4436
2682 1998
2683 1999
2684 3867
2685 149
2686 142
2687 142
2688 6267
2689 6750
2690 768
2691 3366
2692 4953
2693 533
2694 716
2695 2718
2696 6369
2697 3566
2698 1453
2699 1454
2700 691
2701 1453
2702 1454
2703 2013
2704 5748
2705 3228
2706 2013
2707 5681
2708 225
2709 1874
2710 2098
2711 4744
2712 5861
2713 2414
2714 2018
2715 2068
2716 2069
2717 3499
2718 1875
2719 3576
2720 1876
2721 1744
2722 1874
2723 5236
2724 1608
2725 2027
2726 2181
2727 2182
2728 5683
2729 2116
2730 5172
2731 2030
2732 4576
2733 3797
2734 2276
2735 1661
2736 1658
2737 1715
2738 5990
2739 376
2740 2150
2741 2041
2742 2042
2743 5213
2744 1610
2745 3818
2746 2135
2747 3237
2748 3000
2749 332
2750 2145
2751 2148
2752 3615
2753 2150
2754 6890
2755 3684
2756 1328
2757 5717
2758 698
2759 699
2760 3629
2761 2154
2762 2155
2763 4099
2764 2201
2765 6539
2766 2158
2767 2160
2768 3637
2769 2161
2770 306
2771 4901
2772 1642
2773 3752
2774 4683
2775 2348
2776 5755
2777 1739
2778 3559
2779 5310
2780 6962
2781 1108
2782 5165
2783 2085
2784 3858
2785 31
2786 254
2787 6473
2788 6401
2789 5786
2790 2001
2791 2097
2792 872
2793 116
2794 63
2795 5147
2796 5956
2797 5809
2798 3857
2799 3858
2800 4422
2801 5011
2802 2094
2803 1996
2804 98
2805 264
2806 1857
2807 4842
2808 3823
2809 5604
2810 1747
2811 3567
2812 3923
2813 5019
2814 2099
2815 2753
2816 1239
2817 5861
2818 2414
2819 2018
2820 2166
2821 2167
2822 5623
2823 2102
2824 2103
2825 2168
2826 2169
2827 2132
2828 2175
2829 2176
2830 2177
2831 2174
2832 2172
2833 3353
2834 2112
2835 2113
2836 2106
2837 2107
2838 2116
2839 3581
2840 2117
2841 4551
2842 2118
2843 2119
2844 1408
2845 4558
2846 2185
2847 3669
2848 2186
2849 2191
2850 2194
2851 2192
2852 3678
2853 2226
2854 4946
2855 2196
2856 3682
2857 2227
2858 5779
2859 4406
2860 2260
2861 4629
2862 6565
2863 2272
2864 1416
2865 366
2866 1536
2867 2469
2868 2083
2869 5809
2870 1411
2871 1108
2872 117
2873 2207
2874 146
2875 1643
2876 6613
2877 117
2878 2329
2879 5017
2880 3566
2881 5162
2882 3672
2883 628
2884 733
2885 6177
2886 3685
2887 6226
2888 370
2889 3919
2890 1226
2891 1227
2892 1523
2893 3686
2894 3922
2895 1529
2896 3972
2897 2212
2898 2213
2899 2168
2900 2214
2901 486
2902 2222
2903 5060
2904 3142
2905 2219
2906 2244
2907 3622
2908 2223
2909 2246
2910 2246
2911 34
2912 2485
2913 2247
2914 2228
2915 2296
2916 4950
2917 1708
2918 639
2919 1709
2920 1186
2921 2207
2922 3011
2923 6445
2924 1475
2925 2237
2926 1789
2927 2221
2928 1796
2929 2239
2930 2241
2931 2246
2932 2242
2933 2243
2934 2247
2935 5847
2936 2247
2937 4979
2938 2248
2939 743
2940 4770
2941 1309
2942 1831
2943 2249
2944 4015
2945 4152
2946 4823
2947 2231
2948 483
2949 2231
2950 2232
2951 2234
2952 2253
2953 3430
2954 2235
2955 2236
2956 2254
2957 2238
2958 3406
2959 2259
2960 2258
2961 3728
2962 2745
2963 4823
2964 2927
2965 6276
2966 3984
2967 4001
2968 2252
2969 2257
2970 2265
2971 2262
2972 2267
2973 2268
2974 3274
2975 3983
2976 3748
2977 6386
2978 6013
2979 1831
2980 4016
2981 3750
2982 1829
2983 2874
2984 1404
2985 1832
2986 6273
2987 5588
2988 744
2989 1874
2990 1108
2991 2672
2992 2391
2993 3152
2994 2440
2995 2441
2996 3951
2997 713
2998 866
2999 1557
3000 301
3001 2005
3002 794
3003 2396
3004 2397
3005 677
3006 2405
3007 2407
3008 809
3009 387
3010 2457
3011 4279
3012 2412
3013 236
3014 2413
3015 3818
3016 2324
3017 5677
3018 786
3019 2416
3020 5327
3021 4054
3022 242
3023 2336
3024 1986
3025 2290
3026 870
3027 2292
3028 6391
3029 686
3030 903
3031 820
3032 686
3033 2424
3034 5662
3035 1965
3036 3266
3037 2273
3038 3197
3039 2467
3040 6072
3041 2469
3042 2426
3043 2427
3044 2354
3045 3199
3046 139
3047 82
3048 1492
3049 676
3050 2358
3051 2359
3052 2360
3053 160
3054 2363
3055 1448
3056 5340
3057 5349
3058 4179
3059 893
3060 4069
3061 4070
3062 2371
3063 2372
3064 2432
3065 2433
3066 2832
3067 4077
3068 4078
3069 1253
3070 4226
3071 1548
3072 3755
3073 17
3074 1239
3075 2338
3076 4068
3077 792
3078 4069
3079 4070
3080 782
3081 5809
3082 150
3083 4840
3084 2436
3085 3241
3086 1416
3087 1883
3088 4864
3089 1416
3090 696
3091 1569
3092 3531
3093 4012
3094 4013
3095 2978
3096 1413
3097 4162
3098 5307
3099 452
3100 531
3101 111
3102 3198
3103 4802
3104 2329
3105 4511
3106 992
3107 1307
3108 3228
3109 146
3110 4092
3111 6420
3112 174
3113 3493
3114 6216
3115 4594
3116 4422
3117 3798
3118 3767
3119 1353
3120 116
3121 1036
3122 5969
3123 2315
3124 2163
3125 2586
3126 847
3127 142
3128 849
3129 850
3130 1328
3131 2753
3132 2401
3133 5812
3134 2446
3135 853
3136 864
3137 2450
3138 2452
3139 857
3140 859
3141 456
3142 860
3143 1645
3144 2391
3145 2417
3146 863
3147 864
3148 2450
3149 2451
3150 2452
3151 1141
3152 2743
3153 5161
3154 5162
3155 6462
3156 2703
3157 873
3158 411
3159 1196
3160 2317
3161 2468
3162 877
3163 2470
3164 2471
3165 4067
3166 4068
3167 5351
3168 953
3169 4116
3170 5013
3171 2148
3172 4204
3173 840
3174 2888
3175 368
3176 6898
3177 988
3178 5907
3179 1753
3180 5905
3181 1553
3182 4430
3183 548
3184 6565
3185 2272
3186 572
3187 953
3188 2117
3189 3772
3190 4594
3191 3224
3192 528
3193 4282
3194 6506
3195 2438
3196 2484
3197 897
3198 898
3199 5232
3200 2444
3201 899
3202 900
3203 2493
3204 2492
3205 3144
3206 915
3207 2208
3208 2209
3209 2624
3210 2439
3211 297
3212 2446
3213 853
3214 2469
3215 2499
3216 5110
3217 2472
3218 883
3219 4114
3220 4115
3221 5347
3222 2472
3223 2473
3224 2480
3225 2481
3226 842
3227 1037
3228 6267
3229 3125
3230 2832
3231 2013
3232 1643
3233 3253
3234 2512
3235 897
3236 898
3237 910
3238 911
3239 914
3240 2240
3241 2517
3242 3953
3243 490
3244 3295
3245 2499
3246 6654
3247 2658
3248 5371
3249 4146
3250 1226
3251 2507
3252 2508
3253 2510
3254 6744
3255 6254
3256 1802
3257 2511
3258 2522
3259 3255
3260 3546
3261 1977
3262 4421
3263 2535
3264 6276
3265 925
3266 926
3267 2528
3268 6482
3269 1357
3270 913
3271 928
3272 2534
3273 939
3274 940
3275 2521
3276 2438
3277 2532
3278 937
3279 938
3280 6758
3281 3100
3282 4161
3283 2535
3284 941
3285 4158
3286 2540
3287 2544
3288 947
3289 6758
3290 2548
3291 2539
3292 934
3293 4162
3294 4163
3295 949
3296 950
3297 6601
3298 4530
3299 937
3300 542
3301 2541
3302 5510
3303 2553
3304 5803
3305 2545
3306 6517
3307 2549
3308 2892
3309 2484
3310 6305
3311 1876
3312 464
3313 1737
3314 6096
3315 3143
3316 2660
3317 2661
3318 1225
3319 3121
3320 1087
3321 6734
3322 2662
3323 2663
3324 2664
3325 3552
3326 4986
3327 2665
3328 4204
3329 1178
3330 2668
3331 2665
3332 2669
3333 1228
3334 3024
3335 5549
3336 2581
3337 2591
3338 2672
3339 4462
3340 6222
3341 1539
3342 4204
3343 1061
3344 406
3345 2561
3346 2592
3347 4985
3348 595
3349 2736
3350 2678
3351 2676
3352 4537
3353 2679
3354 2680
3355 2571
3356 2600
3357 2574
3358 2575
3359 2683
3360 2892
3361 5419
3362 798
3363 3144
3364 139
3365 2581
3366 1870
3367 5740
3368 2689
3369 1265
3370 4226
3371 6174
3372 11
3373 1408
3374 1271
3375 2624
3376 4588
3377 3266
3378 3299
3379 1194
3380 4889
3381 2913
3382 951
3383 1196
3384 2632
3385 2633
3386 4388
3387 5213
3388 4231
3389 4268
3390 2636
3391 1416
3392 2638
3393 6145
3394 2640
3395 6803
3396 4958
3397 3752
3398 2645
3399 3
3400 6775
3401 2646
3402 1203
3403 1204
3404 1102
3405 4233
3406 2648
3407 2649
3408 2652
3409 1464
3410 1848
3411 3365
3412 5931
3413 1109
3414 4926
3415 3999
3416 89
3417 2859
3418 2596
3419 2606
3420 6216
3421 126
3422 6877
3423 3946
3424 5310
3425 6862
3426 4864
3427 5766
3428 1640
3429 4245
3430 4582
3431 5575
3432 2534
3433 6304
3434 534
3435 2538
3436 1532
3437 5086
3438 2692
3439 1368
3440 4098
3441 651
3442 3772
3443 633
3444 370
3445 1916
3446 6220
3447 2774
3448 2725
3449 2730
3450 2794
3451 5271
3452 1313
3453 5521
3454 2727
3455 2728
3456 2731
3457 403
3458 5623
3459 2660
3460 2661
3461 2596
3462 822
3463 2836
3464 2735
3465 3078
3466 2739
3467 2664
3468 2729
3469 4631
3470 1328
3471 2682
3472 2683
3473 1735
3474 1331
3475 1329
3476 2747
3477 5115
3478 5907
3479 4496
3480 2751
3481 2752
3482 2640
3483 2754
3484 2755
3485 5013
3486 2701
3487 2757
3488 2758
3489 3855
3490 2709
3491 6007
3492 4204
3493 2955
3494 1416
3495 330
3496 2749
3497 2750
3498 6391
3499 843
3500 5110
3501 5556
3502 548
3503 4430
3504 6905
3505 6892
3506 2652
3507 4235
3508 4185
3509 1567
3510 5818
3511 6379
3512 146
3513 37
3514 11
3515 2842
3516 6574
3517 5315
3518 4422
3519 5784
3520 4165
3521 6580
3522 4633
3523 1597
3524 2419
3525 2303
3526 4242
3527 3255
3528 6506
3529 900
3530 2773
3531 1348
3532 2775
3533 2774
3534 2730
3535 2796
3536 2795
3537 3102
3538 2800
3539 4253
3540 5162
3541 3932
3542 5632
3543 2249
3544 2777
3545 2725
3546 2780
3547 2781
3548 2751
3549 2752
3550 2749
3551 2750
3552 2802
3553 2756
3554 2652
3555 4269
3556 2744
3557 3130
3558 2744
3559 3130
3560 4292
3561 5959
3562 6926
3563 2477
3564 2764
3565 2765
3566 4805
3567 2697
3568 2847
3569 3533
3570 2768
3571 4298
3572 2769
3573 2760
3574 6006
3575 1643
3576 2654
3577 1918
3578 5725
3579 2311
3580 3767
3581 5784
3582 6505
3583 6836
3584 4714
3585 2
3586 6226
3587 2793
3588 3124
3589 3434
3590 5873
3591 2799
3592 2808
3593 2809
3594 4466
3595 1432
3596 6007
3597 5791
3598 2787
3599 2804
3600 600
3601 2791
3602 4298
3603 4273
3604 4062
3605 4026
3606 4462
3607 2807
3608 2778
3609 4646
3610 3106
3611 2803
3612 2819
3613 1384
3614 2814
3615 4436
3616 6137
3617 1111
3618 3120
3619 2008
3620 4485
3621 1404
3622 2813
3623 2814
3624 2825
3625 2826
3626 2816
3627 2815
3628 2818
3629 2820
3630 2821
3631 4325
3632 4315
3633 2817
3634 2818
3635 4335
3636 3997
3637 2824
3638 2825
3639 2826
3640 2817
3641 2818
3642 2266
3643 5389
3644 2818
3645 2829
3646 5523
3647 5265
3648 4381
3649 3140
3650 4900
3651 5393
3652 2709
3653 4000
3654 948
3655 2050
3656 1747
3657 1097
3658 2000
3659 6617
3660 4911
3661 3816
3662 718
3663 4492
3664 1539
3665 2941
3666 2842
3667 3279
3668 6879
3669 2813
3670 4194
3671 157
3672 2943
3673 2647
3674 5085
3675 1119
3676 651
3677 3019
3678 4496
3679 3027
3680 6794
3681 139
3682 2589
3683 1168
3684 726
3685 1408
3686 1414
3687 2949
3688 951
3689 2952
3690 3476
3691 4510
3692 2859
3693 5955
3694 6972
3695 3865
3696 1168
3697 5069
3698 2948
3699 1992
3700 4402
3701 1177
3702 756
3703 188
3704 2873
3705 1069
3706 1424
3707 188
3708 1416
3709 723
3710 2948
3711 4206
3712 2961
3713 2963
3714 2964
3715 4429
3716 4369
3717 3855
3718 3306
3719 683
3720 3353
3721 1274
3722 1749
3723 2972
3724 2980
3725 2981
3726 1190
3727 1191
3728 6483
3729 3257
3730 2976
3731 2977
3732 6483
3733 3257
3734 2982
3735 2983
3736 2899
3737 2883
3738 4531
3739 177
3740 2901
3741 2902
3742 5992
3743 1522
3744 2988
3745 6280
3746 6900
3747 6557
3748 2909
3749 3788
3750 6923
3751 5932
3752 2996
3753 5812
3754 5895
3755 4344
3756 4822
3757 1101
3758 3901
3759 2527
3760 2885
3761 2886
3762 110
3763 1840
3764 4800
3765 1566
3766 2691
3767 4
3768 6500
3769 503
3770 3694
3771 1862
3772 2934
3773 5104
3774 2535
3775 2447
3776 3006
3777 3007
3778 4649
3779 3144
3780 6898
3781 4398
3782 4058
3783 4633
3784 4060
3785 971
3786 4777
3787 6271
3788 4579
3789 3861
3790 2754
3791 3783
3792 1561
3793 4014
3794 2225
3795 3495
3796 4147
3797 38
3798 4186
3799 4139
3800 6369
3801 3666
3802 3667
3803 6578
3804 4346
3805 4542
3806 370
3807 3548
3808 5644
3809 4027
3810 127
3811 3015
3812 3014
3813 6856
3814 4582
3815 3024
3816 4546
3817 2098
3818 3028
3819 4585
3820 3025
3821 3020
3822 4624
3823 1350
3824 3021
3825 4589
3826 4548
3827 769
3828 3027
3829 4550
3830 951
3831 2849
3832 2689
3833 3268
3834 951
3835 139
3836 4552
3837 4598
3838 4204
3839 2955
3840 2945
3841 3038
3842 2388
3843 3509
3844 188
3845 6068
3846 843
3847 2958
3848 2959
3849 1250
3850 3043
3851 4853
3852 2966
3853 3181
3854 4588
3855 1092
3856 2970
3857 1276
3858 1673
3859 6962
3860 4444
3861 3052
3862 3053
3863 3054
3864 5303
3865 3056
3866 2979
3867 1748
3868 1416
3869 2989
3870 1285
3871 3050
3872 1343
3873 553
3874 942
3875 6976
3876 4303
3877 2554
3878 4422
3879 1405
3880 3060
3881 3154
3882 2601
3883 2998
3884 2999
3885 3002
3886 3642
3887 2925
3888 5733
3889 5734
3890 5165
3891 6917
3892 3005
3893 5779
3894 3362
3895 3361
3896 3124
3897 5908
3898 4980
3899 3407
3900 6581
3901 5891
3902 1434
3903 1412
3904 970
3905 1542
3906 5000
3907 6724
3908 6823
3909 3561
3910 5335
3911 2564
3912 560
3913 6821
3914 5644
3915 5875
3916 5310
3917 3097
3918 3098
3919 6448
3920 4584
3921 1876
3922 624
3923 3068
3924 160
3925 5585
3926 3072
3927 3073
3928 4590
3929 3074
3930 3075
3931 3076
3932 3078
3933 3079
3934 1710
3935 3027
3936 4593
3937 4551
3938 3105
3939 1305
3940 244
3941 3084
3942 3106
3943 3085
3944 3042
3945 2683
3946 3087
3947 3088
3948 3046
3949 3047
3950 3091
3951 3092
3952 3093
3953 3050
3954 3086
3955 1782
3956 3042
3957 5188
3958 798
3959 4569
3960 2619
3961 3057
3962 3058
3963 3832
3964 2948
3965 2062
3966 702
3967 3094
3968 3059
3969 3264
3970 75
3971 3555
3972 1535
3973 2314
3974 3100
3975 3101
3976 3064
3977 142
3978 4639
3979 1753
3980 4623
3981 6226
3982 3104
3983 4624
3984 3072
3985 6541
3986 3086
3987 4596
3988 3107
3989 3092
3990 3093
3991 3830
3992 4646
3993 3095
3994 3094
3995 3095
3996 1841
3997 1383
3998 1384
3999 3118
4000 369
4001 1535
4002 4247
4003 3119
4004 3430
4005 3121
4006 5221
4007 3122
4008 3110
4009 6419
4010 5428
4011 2817
4012 3112
4013 3125
4014 3113
4015 3114
4016 2795
4017 3115
4018 2941
4019 3120
4020 3029
4021 3270
4022 3135
4023 3137
4024 3124
4025 1397
4026 3127
4027 3128
4028 3138
4029 3129
4030 3131
4031 3132
4032 5389
4033 4062
4034 3133
4035 3134
4036 4637
4037 2812
4038 4653
4039 4654
4040 3139
4041 3127
4042 3128
4043 4325
4044 2739
4045 2813
4046 3450
4047 5153
4048 4652
4049 622
4050 4652
4051 4655
4052 2274
4053 6908
4054 3842
4055 2699
4056 644
4057 2360
4058 3683
4059 3908
4060 2647
4061 3567
4062 4910
4063 1751
4064 2336
4065 1608
4066 3316
4067 2386
4068 2000
4069 951
4070 1922
4071 3326
4072 4751
4073 3937
4074 3142
4075 3328
4076 4431
4077 4130
4078 110
4079 2658
4080 6917
4081 2315
4082 1410
4083 1876
4084 6401
4085 1054
4086 1059
4087 1439
4088 3142
4089 204
4090 5958
4091 2274
4092 1537
4093 142
4094 4836
4095 3271
4096 3697
4097 1164
4098 4728
4099 6208
4100 3270
4101 3153
4102 2398
4103 3149
4104 4670
4105 3158
4106 1554
4107 3465
4108 1555
4109 1078
4110 4033
4111 3625
4112 3169
4113 3334
4114 3283
4115 3172
4116 3172
4117 1448
4118 3788
4119 982
4120 3469
4121 1667
4122 4682
4123 3185
4124 3178
4125 3179
4126 4853
4127 3188
4128 3181
4129 3188
4130 3189
4131 3380
4132 3185
4133 3186
4134 1582
4135 3187
4136 3188
4137 3189
4138 3195
4139 3196
4140 3198
4141 3198
4142 2757
4143 3290
4144 3344
4145 6267
4146 805
4147 469
4148 681
4149 3977
4150 1128
4151 1603
4152 2113
4153 1605
4154 4705
4155 3216
4156 4704
4157 120
4158 3223
4159 3224
4160 457
4161 2988
4162 3225
4163 3226
4164 4443
4165 1538
4166 5954
4167 3995
4168 3229
4169 3230
4170 3232
4171 3233
4172 6890
4173 3238
4174 881
4175 5807
4176 4043
4177 6378
4178 1622
4179 3243
4180 1624
4181 3245
4182 3309
4183 2139
4184 4713
4185 1074
4186 1982
4187 5549
4188 6514
4189 3241
4190 4676
4191 2678
4192 2068
4193 405
4194 1848
4195 953
4196 4406
4197 367
4198 2569
4199 5992
4200 3146
4201 5579
4202 1539
4203 2354
4204 703
4205 2792
4206 2199
4207 1243
4208 915
4209 1479
4210 117
4211 171
4212 1033
4213 3250
4214 171
4215 2114
4216 596
4217 146
4218 2411
4219 1416
4220 1058
4221 3267
4222 6606
4223 1416
4224 1417
4225 3492
4226 5961
4227 4905
4228 1857
4229 1997
4230 6053
4231 4663
4232 1833
4233 3458
4234 3538
4235 4664
4236 1995
4237 1992
4238 3463
4239 3325
4240 3326
4241 3328
4242 3327
4243 3328
4244 1651
4245 1652
4246 2198
4247 5787
4248 1756
4249 6846
4250 1871
4251 3339
4252 3337
4253 3338
4254 3287
4255 690
4256 4858
4257 3287
4258 4655
4259 4506
4260 47
4261 1733
4262 3289
4263 4761
4264 420
4265 4761
4266 112
4267 5308
4268 2534
4269 3343
4270 3388
4271 1863
4272 4765
4273 3347
4274 3346
4275 3295
4276 5720
4277 1602
4278 1742
4279 2301
4280 5623
4281 859
4282 4806
4283 3291
4284 3228
4285 6428
4286 3399
4287 3400
4288 3428
4289 3013
4290 4777
4291 2945
4292 3264
4293 5765
4294 4746
4295 5765
4296 4324
4297 2892
4298 294
4299 1442
4300 3769
4301 255
4302 3539
4303 1450
4304 6
4305 2496
4306 4402
4307 3143
4308 4204
4309 1178
4310 1857
4311 3581
4312 3559
4313 3367
4314 2220
4315 3406
4316 3370
4317 3371
4318 3375
4319 3395
4320 3412
4321 3380
4322 3413
4323 3382
4324 5830
4325 3060
4326 4737
4327 4760
4328 4636
4329 3388
4330 5852
4331 112
4332 4746
4333 3392
4334 3393
4335 3394
4336 3348
4337 4769
4338 1758
4339 4708
4340 4744
4341 141
4342 140
4343 3398
4344 5335
4345 6898
4346 4774
4347 1509
4348 3361
4349 4777
4350 4778
4351 4779
4352 5374
4353 3580
4354 142
4355 639
4356 1696
4357 142
4358 6258
4359 1178
4360 3317
4361 6905
4362 5043
4363 1753
4364 3431
4365 5788
4366 4805
4367 4806
4368 3407
4369 1758
4370 3371
4371 3376
4372 3412
4373 4787
4374 1352
4375 3385
4376 3383
4377 3384
4378 3671
4379 3417
4380 4791
4381 4792
4382 3125
4383 1780
4384 3418
4385 3419
4386 3421
4387 3422
4388 1744
4389 3395
4390 3396
4391 3425
4392 2551
4393 4038
4394 3451
4395 1809
4396 3427
4397 4823
4398 69
4399 3561
4400 6914
4401 4149
4402 5428
4403 1140
4404 1209
4405 4802
4406 3430
4407 1377
4408 3434
4409 5819
4410 5820
4411 4808
4412 4809
4413 3436
4414 3377
4415 1795
4416 3441
4417 3442
4418 3163
4419 4827
4420 3451
4421 3427
4422 3429
4423 3138
4424 2618
4425 1205
4426 2501
4427 2663
4428 4826
4429 3444
4430 3445
4431 3446
4432 3447
4433 6523
4434 3384
4435 4828
4436 6386
4437 3448
4438 5217
4439 3452
4440 4829
4441 4830
4442 4831
4443 4832
4444 4833
4445 6408
4446 5952
4447 2544
4448 4163
4449 4893
4450 5216
4451 4784
4452 6087
4453 6703
4454 5230
4455 3782
4456 2852
4457 2083
4458 4368
4459 1602
4460 6662
4461 1997
4462 1650
4463 3683
4464 4834
4465 4835
4466 3893
4467 6510
4468 4658
4469 3278
4470 1553
4471 4492
4472 3184
4473 4837
4474 6289
4475 1758
4476 5955
4477 3646
4478 6401
4479 464
4480 1998
4481 2017
4482 5934
4483 2516
4484 3585
4485 2086
4486 1941
4487 6768
4488 6095
4489 3509
4490 3764
4491 3564
4492 2089
4493 4842
4494 161
4495 146
4496 3756
4497 4841
4498 5700
4499 6214
4500 1578
4501 362
4502 5599
4503 1857
4504 6316
4505 1126
4506 2148
4507 1983
4508 3353
4509 4284
4510 6877
4511 4034
4512 5360
4513 3567
4514 2001
4515 3487
4516 6155
4517 149
4518 5015
4519 4210
4520 1876
4521 1856
4522 3331
4523 1475
4524 5259
4525 1922
4526 3576
4527 4237
4528 1856
4529 6031
4530 5823
4531 1546
4532 2583
4533 2294
4534 533
4535 5040
4536 5931
4537 3772
4538 4576
4539 1036
4540 1857
4541 6923
4542 4216
4543 1497
4544 3582
4545 3583
4546 4864
4547 4672
4548 5757
4549 3775
4550 161
4551 5643
4552 2315
4553 6517
4554 6968
4556 5188
4557 2019
4558 3603
4559 3601
4560 3602
4561 3613
4562 3800
4563 6618
4564 3523
4565 5172
4566 5926
4567 3528
4568 3616
4569 5869
4570 701
4571 1522
4572 6573
4573 4891
4574 4890
4575 3553
4576 3633
4577 3348
4578 3247
4579 3635
4580 6593
4581 3636
4582 6770
4583 3249
4584 3510
4585 3639
4586 3640
4587 533
4588 229
4589 5952
4590 373
4591 1437
4592 1243
4593 2910
4594 4226
4595 2705
4596 3142
4597 3314
4598 2857
4599 3809
4600 3464
4601 6094
4602 5910
4603 6093
4604 3468
4605 1108
4606 5956
4607 2249
4608 31
4609 3567
4610 4645
4611 5019
4612 2085
4613 2103
4614 5206
4615 5833
4616 4849
4617 3572
4618 3573
4619 3649
4620 2094
4621 2846
4622 5834
4623 5155
4624 4623
4625 142
4626 110
4627 3527
4628 4958
4629 723
4630 5011
4631 3934
4632 3548
4633 3653
4634 2456
4635 5359
4636 3679
4637 5755
4638 3584
4639 2084
4640 3656
4641 3622
4642 3661
4643 3662
4644 3663
4645 4919
4646 3590
4647 2106
4648 3589
4649 4926
4650 4927
4651 1529
4652 3598
4653 5144
4654 3679
4655 3599
4656 3675
4657 3671
4658 3672
4659 3614
4660 4935
4661 3704
4662 5883
4663 3679
4664 3673
4665 3674
4666 3609
4667 4933
4668 3620
4669 4945
4670 1475
4671 5377
4672 3271
4673 3684
4674 4948
4675 4950
4676 3708
4677 4869
4678 4893
4679 5061
4680 3459
4681 4902
4682 4903
4683 5931
4684 6510
4685 4658
4686 4904
4687 6714
4688 3646
4689 5020
4690 4374
4691 690
4692 3697
4693 1140
4694 6613
4695 149
4696 3568
4697 3814
4698 4895
4699 5604
4700 5019
4701 4989
4702 1353
4703 3882
4704 3695
4705 3720
4706 3692
4707 4516
4708 3696
4709 1949
4710 3664
4711 3719
4712 4944
4713 1529
4714 3724
4715 4945
4716 3974
4717 3700
4718 3726
4719 5939
4720 5940
4721 4979
4722 3729
4723 4938
4724 3387
4725 2607
4726 149
4727 122
4728 1475
4729 1309
4730 2548
4731 5108
4732 5866
4733 4950
4734 3751
4735 5774
4736 6905
4737 6586
4738 860
4739 270
4740 1709
4741 500
4742 4657
4743 4658
4744 4084
4745 1876
4746 3989
4747 4355
4748 6361
4749 3011
4750 3712
4751 3915
4752 3687
4753 615
4754 6094
4755 615
4756 3772
4757 3433
4758 3733
4759 3718
4760 3658
4761 3694
4762 913
4763 3697
4764 3719
4765 3561
4766 3725
4767 3699
4768 122
4769 387
4770 5872
4771 4995
4772 4996
4773 4566
4774 6574
4775 571
4776 3709
4777 3710
4778 3711
4779 3832
4780 5930
4781 3714
4782 5126
4783 6046
4784 3715
4785 3735
4786 3722
4787 3682
4788 3701
4789 3702
4790 2262
4791 5262
4792 4994
4793 5459
4794 3737
4795 3451
4796 293
4797 6400
4798 3440
4799 5123
4800 5111
4801 5566
4802 4669
4803 3734
4804 3742
4805 1827
4806 6027
4807 3743
4808 3744
4809 6057
4810 5005
4811 5103
4812 5566
4813 3739
4814 3749
4815 3750
4816 5008
4817 307
4818 6409
4819 6408
4820 6386
4821 3187
4822 4016
4823 4640
4824 3136
4825 2918
4826 4656
4827 3531
4828 5428
4829 3752
4830 1520
4831 2888
4832 6662
4833 4594
4834 5866
4835 6962
4836 5310
4837 3753
4838 2378
4839 3754
4840 3733
4841 3261
4842 146
4843 2271
4844 3424
4845 4785
4846 117
4847 2615
4848 146
4849 3757
4850 5165
4851 3758
4852 3430
4853 2318
4854 3767
4855 6120
4856 4018
4857 1106
4858 6984
4859 695
4860 1824
4861 3761
4862 3820
4863 6816
4864 5672
4865 3862
4866 2013
4867 3610
4868 3863
4869 6900
4870 4436
4871 1320
4872 868
4873 5335
4874 3768
4875 3499
4876 616
4877 3458
4878 913
4879 4048
4880 4739
4881 5144
4882 1521
4883 4841
4884 3924
4885 6391
4886 3610
4887 6930
4888 5172
4889 5677
4890 3778
4891 2336
4892 4677
4893 6448
4894 3781
4895 3782
4896 3875
4897 3931
4898 3831
4899 5990
4900 5225
4901 3894
4902 4849
4903 315
4904 314
4905 5221
4906 5433
4907 5042
4908 3879
4909 3898
4910 5213
4911 3826
4912 3804
4913 1610
4914 724
4915 308
4916 3883
4917 2129
4918 171
4919 5175
4920 2139
4921 5623
4922 3885
4923 1508
4924 3819
4925 3818
4926 5180
4927 2193
4928 3887
4929 3906
4930 3907
4931 3889
4932 3890
4933 6104
4934 3535
4935 2189
4936 3822
4937 3899
4938 1563
4939 4479
4940 711
4941 3902
4942 3534
4943 674
4944 1111
4945 3907
4946 2149
4947 3904
4948 3631
4949 3629
4950 3910
4951 3911
4952 3955
4953 3912
4954 4289
4955 2160
4956 1094
4957 6540
4958 4901
4959 3032
4960 948
4961 923
4962 4624
4963 190
4964 3861
4965 5738
4966 304
4967 4421
4968 5310
4969 63
4970 2318
4971 5140
4972 5375
4973 160
4974 1523
4975 3861
4976 1874
4977 1475
4978 3867
4979 5209
4980 403
4981 3868
4982 5150
4983 4545
4984 3869
4985 2117
4986 3870
4987 6794
4988 3875
4989 5157
4990 3929
4991 5155
4992 3930
4993 3921
4994 3947
4995 3907
4996 2177
4997 3936
4998 5036
4999 2378
5000 3945
5001 4576
5002 2187
5003 2220
5004 2474
5005 3952
5006 3682
5007 6669
5008 4578
5009 5495
5010 5090
5011 2160
5012 3957
5013 2161
5014 833
5015 5189
5016 1200
5017 3772
5018 2689
5019 3856
5020 5977
5021 1110
5022 5203
5023 5204
5024 6822
5025 6179
5026 3650
5027 3919
5028 3920
5029 1403
5030 1353
5031 3693
5032 4003
5033 568
5034 988
5035 3705
5036 3961
5037 3962
5038 5203
5039 5204
5040 3919
5041 5247
5042 3920
5043 2294
5044 5915
5045 4355
5046 5248
5047 5249
5048 5250
5049 5251
5050 3964
5051 6170
5052 2723
5053 955
5054 3686
5055 3930
5056 2215
5057 3705
5058 3703
5059 4850
5060 5262
5061 3255
5062 2226
5063 2228
5064 3707
5065 3682
5066 6107
5067 1975
5068 3706
5069 4950
5070 4015
5071 1708
5072 3316
5073 1110
5074 3958
5075 5239
5076 3650
5077 682
5078 3960
5079 5239
5080 700
5081 3972
5082 3973
5083 6445
5084 5459
5085 3736
5086 3976
5087 3977
5088 1876
5089 3950
5090 5223
5091 2244
5092 5232
5093 3982
5094 3979
5095 2248
5096 3977
5097 4015
5098 6498
5099 5615
5100 5246
5101 3988
5102 3703
5103 3991
5104 2256
5105 3992
5106 3489
5107 3994
5108 4010
5109 4011
5110 3996
5111 3998
5112 2249
5113 4002
5114 3983
5115 3984
5116 4151
5117 3985
5118 3986
5119 3987
5120 3989
5121 3990
5122 3748
5123 4004
5124 5895
5125 3992
5126 5116
5127 2260
5128 3743
5129 2268
5130 2647
5131 3983
5132 4004
5133 5895
5134 4005
5135 5837
5136 4015
5137 2270
5138 4016
5139 6408
5140 6638
5141 2829
5142 6287
5143 4011
5144 915
5145 639
5146 3184
5147 2438
5148 4087
5149 2441
5150 2450
5151 4088
5152 866
5153 4120
5154 788
5155 2586
5156 2438
5157 2401
5158 2436
5159 4033
5160 2405
5161 5313
5162 2452
5163 2458
5164 811
5165 4102
5166 4103
5167 5326
5168 5327
5169 4845
5170 4845
5171 678
5172 2294
5173 4108
5174 2467
5175 4112
5176 5355
5177 4068
5178 893
5179 5351
5180 3377
5181 2335
5182 5343
5183 2377
5184 569
5185 5323
5186 5324
5187 4068
5188 5348
5189 5349
5190 5351
5191 3254
5192 4204
5193 840
5194 3
5195 5026
5196 2549
5197 935
5198 111
5199 1303
5200 1032
5201 4748
5202 5351
5203 5808
5204 4661
5205 3903
5206 5967
5207 118
5208 602
5209 446
5210 1308
5211 2330
5212 4594
5213 6916
5214 3549
5215 2915
5216 5262
5217 2439
5218 2163
5219 4121
5220 2444
5221 1125
5222 899
5223 2486
5224 1370
5225 850
5226 2446
5227 2447
5228 2492
5229 2493
5230 915
5231 4101
5232 1251
5233 869
5234 6712
5235 4104
5236 4105
5237 2490
5238 4125
5239 4025
5240 282
5241 871
5242 2495
5243 6003
5244 2703
5245 1169
5246 2496
5247 764
5248 5370
5249 306
5250 5339
5251 4115
5252 1518
5253 5347
5254 5371
5255 169
5256 1057
5257 4133
5258 1127
5259 2515
5260 988
5261 2842
5262 2359
5263 2585
5264 1643
5265 5817
5266 5362
5267 2514
5268 901
5269 850
5270 4152
5271 4153
5272 3144
5273 4136
5274 3587
5275 4140
5276 1816
5277 5371
5278 5386
5279 5387
5280 4132
5281 5359
5282 1108
5283 2294
5284 2338
5285 2523
5286 2524
5287 2525
5288 2526
5289 4151
5290 2530
5291 4154
5292 4155
5293 6279
5294 4140
5295 2801
5296 5398
5297 5378
5298 4143
5299 5385
5300 4158
5301 137
5302 3249
5303 4835
5304 570
5305 926
5306 4903
5307 2526
5308 4161
5309 5996
5310 1980
5311 1465
5312 950
5313 2546
5314 2547
5315 4164
5316 947
5317 2549
5318 4165
5319 2550
5320 5996
5321 3707
5322 2273
5323 937
5324 5348
5325 541
5326 542
5327 4162
5328 4163
5329 160
5330 2549
5331 950
5332 2550
5333 2541
5334 2545
5335 68
5336 2270
5337 5372
5338 1257
5339 2656
5340 1505
5341 2857
5342 2610
5343 5407
5344 4241
5345 4242
5346 4244
5347 5200
5348 4244
5349 4245
5350 4252
5351 6363
5352 4193
5353 2735
5354 818
5355 818
5356 4192
5357 4255
5358 2700
5359 4033
5360 2678
5361 4257
5362 4372
5363 822
5364 1870
5365 4161
5366 1876
5367 2746
5368 2873
5369 2747
5370 6817
5371 4263
5372 4266
5373 5429
5374 2920
5375 5011
5376 4219
5377 4220
5378 4263
5379 5213
5380 165
5381 4080
5382 6152
5383 3768
5384 4227
5385 5877
5386 5110
5387 3608
5388 2477
5389 4275
5390 548
5391 4430
5392 4881
5393 6686
5394 310
5395 1567
5396 5817
5397 2141
5398 369
5399 1916
5400 6379
5401 1918
5402 959
5403 5649
5404 149
5405 5623
5406 4621
5407 5784
5408 5695
5409 6507
5410 2549
5411 6805
5412 2972
5413 5019
5414 4575
5415 1654
5416 146
5417 3224
5418 6699
5419 2773
5420 1348
5421 4243
5422 4242
5423 2725
5424 2794
5425 4305
5426 2730
5427 2536
5428 4703
5429 4253
5430 2777
5431 4987
5432 2094
5433 4244
5434 4245
5435 3126
5436 703
5437 4289
5438 4264
5439 4265
5440 4290
5441 4269
5442 6478
5443 4292
5444 5433
5445 4272
5446 4273
5447 2762
5448 4297
5449 4298
5450 5437
5451 2769
5452 5416
5453 4269
5454 4274
5455 4569
5456 4301
5457 2654
5458 1643
5459 1814
5460 6562
5461 2
5462 6059
5463 2484
5464 4279
5465 4314
5466 4303
5467 4316
5468 2795
5469 4264
5470 5487
5471 5993
5472 5234
5473 2270
5474 2800
5475 4321
5476 4279
5477 5545
5478 4308
5479 4309
5480 1056
5481 5467
5482 4293
5483 4294
5484 4313
5485 4295
5486 4296
5487 5467
5488 5489
5489 4062
5490 4026
5491 1869
5492 2330
5493 4314
5494 2805
5495 4316
5496 5478
5497 5234
5498 2270
5499 2807
5500 4319
5501 2778
5502 4320
5503 2810
5504 3123
5505 4322
5506 2676
5507 6328
5508 6758
5509 3108
5510 4947
5511 4330
5512 4318
5513 1404
5514 4895
5515 6074
5516 4322
5517 5503
5518 2825
5519 2812
5520 4337
5521 4338
5522 4339
5523 4324
5524 4336
5525 6335
5526 4485
5527 4429
5528 5504
5529 4337
5530 4338
5531 5506
5532 5493
5533 4326
5534 6053
5535 4715
5536 5266
5537 6743
5538 5901
5539 5511
5540 943
5541 3842
5542 2484
5543 5165
5544 4422
5545 204
5546 1309
5547 3108
5548 2127
5549 6060
5550 6794
5551 3017
5552 4409
5553 5560
5554 1876
5555 4242
5556 4414
5557 4415
5558 4418
5559 5567
5560 4419
5561 6704
5562 5709
5563 1235
5564 4355
5565 4463
5566 2738
5567 4415
5568 6
5569 2690
5570 4427
5571 6201
5572 3923
5573 4354
5574 1078
5575 2640
5576 4371
5577 5574
5578 3087
5579 3088
5580 79
5581 3087
5582 3088
5583 4439
5584 6941
5585 6060
5586 4507
5587 1158
5588 4378
5589 4379
5590 4249
5591 4442
5592 4909
5593 6925
5594 4443
5595 4220
5596 4900
5597 2714
5598 4444
5599 2760
5600 4383
5601 4385
5602 992
5603 4430
5604 6905
5605 6935
5606 4392
5607 1440
5608 6362
5609 4399
5610 5677
5611 4401
5612 5712
5613 4496
5614 1982
5615 149
5616 1918
5617 3776
5618 2629
5619 2628
5620 4445
5621 4480
5622 1220
5623 1001
5624 5736
5625 3762
5626 6095
5627 1521
5628 3158
5629 6559
5630 2548
5631 3804
5632 4303
5633 4576
5634 4422
5635 2932
5636 3015
5637 4460
5638 4461
5639 6146
5640 6482
5641 3102
5642 5585
5643 3065
5644 4656
5645 5586
5646 5659
5647 1755
5648 5563
5649 4463
5650 5165
5651 4450
5652 5570
5653 4411
5654 5074
5655 4466
5656 5973
5657 1729
5658 4633
5659 4530
5660 2050
5661 6366
5662 5457
5663 5458
5664 4455
5665 4301
5666 5580
5667 5523
5668 2194
5669 6918
5670 6258
5671 5623
5672 1635
5673 6226
5674 3100
5675 5583
5676 1264
5677 4448
5678 4467
5679 5067
5680 5480
5681 5536
5682 5000
5683 4455
5684 5429
5685 5545
5686 2062
5687 2279
5688 4468
5689 4457
5690 4293
5691 4294
5692 5547
5693 4458
5694 4472
5695 5464
5696 3556
5697 4473
5698 4420
5699 1309
5700 4740
5701 6835
5702 2206
5703 5521
5704 6410
5705 5601
5706 4646
5707 5422
5708 5422
5709 5550
5710 4468
5711 4469
5712 4470
5713 4471
5714 4481
5715 4482
5716 4483
5717 6304
5718 4484
5719 1526
5720 4471
5721 3766
5722 3428
5723 5607
5724 4486
5725 4487
5726 4488
5727 4480
5728 6314
5729 2818
5730 6985
5731 3766
5732 5552
5733 5262
5734 6371
5735 5523
5736 6657
5737 6335
5738 6816
5739 4489
5740 4490
5741 4061
5742 3140
5743 1155
5744 2840
5745 6867
5746 3141
5747 6315
5748 6767
5749 5139
5750 6154
5751 2991
5752 6224
5753 6122
5754 5644
5755 3271
5756 4554
5757 4647
5758 3934
5759 4582
5760 5649
5761 160
5762 2849
5763 4510
5764 1536
5765 6887
5766 122
5767 340
5768 4550
5769 1058
5770 6060
5771 4507
5772 4551
5773 4549
5774 4821
5775 4820
5776 5628
5777 3284
5778 2705
5780 6396
5781 5699
5782 1070
5783 4552
5784 4598
5785 683
5786 4553
5787 4598
5788 2958
5789 2959
5790 4514
5791 4559
5792 2963
5793 1731
5794 6407
5795 3054
5796 1871
5797 2989
5798 4566
5799 3050
5800 3051
5801 6536
5802 1288
5803 1220
5804 4995
5805 1811
5806 4536
5807 2400
5808 5753
5809 6621
5810 6516
5811 528
5812 4443
5813 5733
5814 5694
5815 146
5816 4708
5817 6530
5818 2188
5819 6706
5820 4615
5821 3070
5822 4571
5823 4572
5824 4746
5825 154
5826 1962
5827 4994
5828 1126
5829 6177
5830 5000
5831 6724
5832 970
5833 263
5834 4186
5835 204
5836 204
5837 1543
5838 4346
5839 5875
5840 6184
5841 2200
5842 4922
5843 1358
5844 5645
5845 4579
5846 5712
5847 4544
5848 4619
5849 4583
5850 5648
5851 160
5852 4547
5853 2946
5854 6974
5855 951
5856 2950
5857 4623
5858 1305
5859 1085
5860 4641
5861 4589
5862 4642
5863 4552
5864 4595
5865 4601
5866 4610
5867 4560
5868 3047
5869 4611
5870 3050
5871 3051
5872 4563
5873 4562
5874 3055
5875 1254
5876 4562
5877 6840
5878 3057
5879 3058
5880 955
5881 6570
5882 5188
5883 4610
5884 798
5885 4569
5886 4570
5887 4507
5888 3767
5889 3095
5890 5779
5891 2063
5892 2925
5893 3362
5894 3361
5895 1643
5896 4981
5897 2457
5898 5041
5899 4962
5900 3870
5901 4618
5902 5669
5903 1068
5904 4090
5905 4638
5906 4621
5907 3070
5908 6541
5909 4624
5910 4596
5911 4625
5912 4626
5913 4627
5914 3111
5915 4600
5916 4628
5917 4629
5918 4602
5919 4596
5920 4631
5921 4632
5922 4606
5923 3114
5924 3042
5925 4248
5926 3115
5927 685
5928 4614
5929 1404
5930 4639
5931 5696
5932 4654
5933 5820
5934 5819
5935 4403
5936 6419
5937 3127
5938 3128
5939 3115
5940 4636
5941 3117
5942 2941
5943 6452
5944 5825
5945 276
5946 4647
5947 4648
5948 4062
5949 2739
5950 3131
5951 3132
5952 3717
5953 1646
5954 5821
5955 5489
5956 4651
5957 4653
5958 5706
5959 4649
5960 4650
5961 3138
5962 4602
5963 1257
5964 5615
5965 4652
5966 4655
5967 3772
5968 3629
5969 171
5970 3142
5971 3683
5972 818
5973 2336
5974 3250
5975 1575
5976 137
5977 4751
5978 3471
5979 146
5980 2920
5981 4226
5982 1115
5983 6401
5984 5958
5985 2274
5986 1416
5987 1058
5988 3267
5989 3405
5990 1416
5991 1417
5992 3147
5993 6886
5994 6669
5995 3148
5996 5712
5997 4660
5998 6463
5999 4847
6000 3156
6001 1391
6002 4664
6003 3467
6004 3275
6005 1426
6006 1555
6007 3276
6008 3327
6009 3328
6010 4033
6011 1078
6012 5723
6013 1873
6014 6145
6015 5748
6016 4735
6017 5629
6018 3261
6019 6611
6020 3287
6021 5628
6022 4760
6023 4761
6024 4695
6025 5733
6026 5855
6027 4738
6028 3210
6029 4742
6030 4840
6031 1742
6032 1743
6033 830
6034 5623
6035 4708
6036 5908
6037 4708
6038 4658
6039 3245
6040 5756
6041 4776
6042 6006
6043 3428
6044 5874
6045 4778
6046 5764
6047 4746
6048 5758
6049 2893
6050 4472
6051 3364
6052 255
6053 5172
6054 697
6055 1439
6056 5838
6057 6797
6058 248
6059 4027
6060 2200
6061 5064
6062 2252
6063 4947
6064 140
6065 171
6066 4402
6067 464
6068 142
6069 142
6070 5376
6071 1842
6072 4659
6073 6462
6074 4854
6075 5781
6076 2863
6077 2315
6078 4837
6079 4729
6080 3325
6081 3326
6082 4751
6083 3329
6084 3330
6085 6687
6086 6953
6087 3376
6088 1807
6089 4591
6090 4590
6091 5830
6092 3253
6093 2571
6094 6378
6095 4737
6096 4757
6097 6689
6098 118
6099 4762
6100 112
6101 5817
6102 3347
6103 550
6104 4742
6105 3396
6106 2003
6107 2206
6108 1889
6109 4771
6110 4772
6111 1876
6112 642
6113 4744
6114 5771
6115 6898
6116 6243
6117 4777
6118 4779
6119 992
6120 1939
6121 139
6122 3279
6123 6258
6124 5875
6125 6225
6126 5896
6127 3367
6128 5762
6129 5788
6130 4805
6131 4808
6132 4754
6133 4759
6134 4758
6135 4760
6136 3414
6137 4791
6138 4792
6139 4791
6140 4792
6141 4793
6142 3394
6143 4795
6144 550
6145 4767
6146 4768
6147 3450
6148 3451
6149 4771
6150 6571
6151 4823
6152 4772
6153 4797
6154 4798
6155 3146
6156 6475
6157 1621
6158 5374
6159 536
6160 2692
6161 1569
6162 1942
6163 5895
6164 3365
6165 4802
6166 4804
6167 5820
6168 4809
6169 4810
6170 5811
6171 4789
6172 4790
6173 3033
6174 4811
6175 4812
6176 4813
6177 4815
6178 4816
6179 3423
6180 3425
6181 4826
6182 3444
6183 3445
6184 5262
6185 6514
6186 4821
6187 4820
6188 6867
6189 3446
6190 3447
6191 3429
6192 1845
6193 3561
6194 3138
6195 600
6196 3903
6197 1220
6198 2523
6199 1563
6200 2711
6201 5221
6202 4807
6203 3435
6204 2501
6205 4825
6206 2663
6207 5192
6208 4069
6209 4828
6210 3192
6211 5952
6212 6646
6213 5220
6214 3882
6215 180
6216 4830
6217 4831
6218 6385
6219 5952
6220 1376
6221 935
6222 3452
6223 936
6224 3487
6225 2727
6226 1440
6227 4109
6228 5633
6229 5676
6230 5931
6231 4780
6232 3809
6233 4836
6234 703
6235 5713
6236 1998
6237 6890
6238 1941
6239 3764
6240 3564
6241 3647
6242 4841
6243 4846
6244 2873
6245 1538
6246 4847
6247 2923
6248 5165
6249 5833
6250 5834
6251 4895
6252 4239
6253 5040
6254 334
6256 38
6257 5878
6258 5206
6259 5879
6260 5890
6261 3942
6262 4502
6263 4318
6264 2148
6265 142
6266 110
6267 4928
6268 3584
6269 3658
6270 4281
6271 4936
6272 4922
6273 4923
6274 3661
6275 4924
6276 4925
6277 4944
6278 2260
6279 5488
6280 390
6281 5484
6282 4935
6283 4972
6284 5849
6285 4979
6286 4881
6287 3387
6288 3616
6289 5890
6290 4945
6291 6618
6292 5661
6293 5893
6294 4204
6295 4947
6296 4513
6297 147
6298 4948
6299 4950
6300 3311
6301 3708
6302 3849
6303 5662
6304 1403
6305 4898
6306 3641
6307 128
6308 1442
6309 5061
6310 4350
6311 3670
6312 5997
6313 6576
6314 4904
6315 4204
6316 5021
6317 6183
6318 4594
6319 1535
6320 5262
6321 4850
6322 31
6323 3142
6324 2842
6325 5963
6326 4911
6327 4958
6328 4919
6329 4916
6330 4960
6331 4936
6332 6007
6333 4964
6334 4917
6335 4965
6336 495
6337 4317
6338 4966
6339 4972
6340 3934
6341 4930
6342 4945
6343 4969
6344 4516
6345 4970
6346 4971
6347 1947
6348 3672
6349 5939
6350 4975
6351 4945
6352 4911
6353 5982
6354 3674
6355 4982
6356 6214
6357 6719
6358 6557
6359 1925
6360 1874
6361 1309
6362 3108
6363 6898
6364 6905
6365 6839
6366 133
6367 1058
6368 648
6369 5997
6370 1553
6371 3267
6372 4658
6373 142
6374 4952
6375 3683
6376 4956
6377 5888
6378 5929
6379 5930
6380 4956
6381 4957
6382 6620
6383 5904
6384 4988
6385 3714
6386 5911
6387 6006
6388 4962
6389 4966
6390 5000
6391 3693
6392 3694
6393 3678
6394 3697
6395 4992
6396 3725
6397 4516
6398 4972
6399 6093
6400 4975
6401 3699
6402 2538
6403 4980
6404 3610
6405 6018
6406 4982
6407 387
6408 5872
6409 6033
6410 4334
6411 3748
6412 6905
6413 6839
6414 190
6415 6400
6416 3510
6417 6646
6418 4956
6419 4957
6420 4955
6421 4956
6422 4957
6423 6427
6424 5140
6425 2714
6426 6768
6427 5000
6428 4993
6429 3729
6430 6592
6431 6031
6432 3702
6433 4980
6434 6630
6435 6631
6436 4897
6437 495
6438 2832
6439 6179
6440 4416
6441 3734
6442 5944
6443 6561
6444 3740
6445 6027
6446 3742
6447 6592
6448 5001
6449 5002
6450 5004
6451 5005
6452 5949
6453 5004
6454 5006
6455 5003
6456 5008
6457 5953
6458 5954
6459 6634
6460 4640
6461 697
6462 4537
6463 4656
6464 3033
6465 4422
6466 1918
6467 6714
6468 6222
6469 2842
6470 6430
6471 4077
6472 650
6473 146
6474 3154
6475 1034
6476 701
6477 6676
6478 254
6479 3772
6480 5165
6481 5202
6482 2846
6483 5147
6484 110
6485 403
6486 6738
6487 2847
6488 5879
6489 3660
6490 5019
6491 1512
6492 278
6493 6086
6494 5075
6495 5076
6496 5024
6497 5025
6498 5029
6499 3653
6500 5077
6501 5078
6502 5057
6503 5027
6504 5033
6505 5034
6506 5035
6507 5030
6508 4228
6509 4623
6510 5038
6511 5359
6512 5049
6513 5086
6514 6012
6515 3704
6516 6052
6517 6064
6518 4973
6519 4944
6520 5993
6521 5996
6522 3912
6523 6046
6524 3531
6525 149
6526 2654
6527 5623
6528 1108
6529 5091
6530 5038
6531 6443
6532 117
6533 310
6534 6094
6535 6430
6536 4253
6537 3650
6538 2693
6539 6360
6540 5682
6541 1084
6542 3686
6543 1475
6544 5848
6545 5094
6546 4986
6547 3911
6548 5079
6549 5097
6550 5095
6551 5099
6552 5100
6553 3682
6554 6648
6555 4947
6556 5101
6557 5996
6558 6442
6559 2158
6560 5789
6561 5108
6562 4984
6563 6975
6564 5774
6565 4288
6566 5206
6567 6835
6568 3253
6569 5092
6570 6046
6571 5093
6572 5094
6573 5110
6574 4989
6575 5111
6576 5109
6577 5115
6578 6040
6579 6073
6580 5114
6581 5100
6582 5117
6583 3724
6584 6832
6585 6034
6586 4566
6587 5463
6588 5103
6589 5104
6590 5105
6591 4139
6592 5106
6593 6066
6594 6066
6595 5107
6596 5124
6597 5125
6598 5126
6599 5113
6600 5114
6601 6075
6602 5130
6603 2631
6604 5120
6605 5104
6606 5122
6607 6115
6608 6683
6609 6184
6610 4281
6611 5127
6612 5135
6613 5135
6614 6083
6615 4885
6616 5137
6617 3750
6618 6408
6619 5008
6620 5645
6621 5929
6622 5099
6623 4881
6624 6686
6625 6598
6626 5908
6627 5099
6628 2013
6629 6430
6630 2319
6631 1627
6632 5224
6633 149
6634 1034
6635 3606
6636 89
6637 1108
6638 1110
6639 6962
6640 3754
6641 5928
6642 3772
6643 4893
6644 2706
6645 1171
6646 338
6647 3746
6648 4063
6649 6137
6650 1836
6651 5205
6652 3865
6653 3498
6654 6167
6655 5011
6656 6135
6657 5146
6658 6137
6659 5149
6660 2399
6661 5140
6662 5155
6663 6139
6664 6140
6665 5156
6666 6269
6667 6306
6668 5208
6669 5211
6670 3931
6671 5226
6672 5215
6673 3937
6674 5227
6675 5228
6676 2921
6677 5219
6678 5229
6679 3942
6680 5175
6681 3945
6682 6104
6683 5047
6684 6163
6685 5226
6686 3892
6687 4576
6688 5262
6689 5191
6690 5232
6691 1567
6692 3952
6693 1751
6694 6157
6695 1751
6696 5108
6697 3955
6698 1432
6699 3956
6700 3957
6701 3914
6702 5260
6703 5069
6704 126
6705 5743
6706 2206
6707 2330
6708 602
6709 5242
6710 5243
6711 2320
6712 6007
6713 5139
6714 5017
6715 5058
6716 2891
6717 3919
6718 3721
6719 4968
6720 6138
6721 4018
6722 6170
6723 5252
6724 4355
6725 5253
6726 3786
6727 6961
6728 6639
6729 955
6730 5220
6731 3968
6732 3667
6733 4578
6734 5262
6735 3726
6736 6760
6737 2863
6738 5977
6739 4910
6740 5238
6741 6166
6742 682
6743 5241
6744 6164
6745 6165
6746 6166
6747 4515
6748 5248
6749 5249
6750 5068
6751 6798
6752 5253
6753 4422
6754 6216
6755 5266
6756 6445
6757 3995
6758 6122
6759 3997
6760 5232
6761 5269
6762 6107
6763 3981
6764 5271
6765 3982
6766 5276
6767 3978
6768 5627
6769 3978
6770 5200
6771 5286
6772 5694
6773 3489
6774 5274
6775 5275
6776 5276
6777 5277
6778 5278
6779 3995
6780 3996
6781 5286
6782 5281
6783 5299
6784 5907
6785 5908
6786 5282
6787 5283
6788 2878
6789 5907
6790 3999
6791 4000
6792 4213
6793 5292
6794 6454
6795 6838
6796 5289
6797 5272
6798 5293
6799 4214
6800 5295
6801 4007
6802 5837
6803 2803
6804 6458
6805 5298
6806 4009
6807 5304
6808 5301
6809 545
6810 647
6811 3772
6812 6212
6813 5895
6814 4898
6815 5470
6816 5289
6817 5146
6818 5302
6819 2893
6820 6216
6821 2613
6822 489
6823 5262
6824 5355
6825 5356
6826 2441
6827 5357
6828 5358
6829 2506
6830 4120
6831 4033
6832 2405
6833 4126
6834 2515
6835 4100
6836 4102
6837 5367
6838 5327
6839 4105
6840 4018
6841 1437
6842 3802
6843 5370
6844 3261
6845 1797
6846 6254
6847 6243
6848 5339
6849 6256
6850 5340
6851 5341
6852 4115
6853 5343
6854 3351
6855 5347
6856 6410
6857 4869
6858 5371
6859 96
6860 5348
6861 5349
6862 6256
6863 5350
6864 6749
6865 2842
6866 1277
6867 5862
6868 5477
6869 3790
6870 2842
6871 1032
6872 1497
6873 1643
6874 678
6875 695
6876 639
6877 5354
6878 2514
6879 4134
6880 4150
6881 5376
6882 6268
6883 5391
6884 4125
6885 5357
6886 5377
6887 4153
6888 5381
6889 5382
6890 5354
6891 4137
6892 4138
6893 2628
6894 2633
6895 2139
6896 4139
6897 1443
6898 6252
6899 6247
6900 5388
6901 1649
6902 5359
6903 678
6904 1108
6905 1528
6906 5389
6907 4148
6908 4149
6909 3177
6910 3433
6911 5392
6912 4154
6913 78
6914 1530
6915 4696
6916 6282
6917 4834
6918 4835
6919 944
6920 4835
6921 6468
6922 1169
6923 6385
6925 4159
6926 4160
6927 6273
6928 1964
6929 6279
6930 4140
6931 5370
6932 1163
6933 5397
6934 1465
6935 6289
6936 4164
6937 4167
6938 1320
6939 1227
6940 4165
6941 2550
6942 5401
6943 541
6944 542
6945 1844
6946 5510
6947 6743
6948 1946
6949 5262
6950 4278
6951 5407
6952 702
6953 4243
6954 6294
6955 5413
6956 5443
6957 4283
6958 4284
6959 6808
6960 4321
6961 5683
6962 1867
6963 5448
6964 5444
6965 5455
6966 6312
6967 5473
6968 5430
6969 6145
6970 6314
6971 5433
6972 5460
6973 5436
6974 3812
6975 2762
6976 5538
6977 6314
6978 693
6979 3933
6980 5623
6981 6562
6982 1643
6983 5968
6984 3015
6985 3261
6986 5492
6987 5475
6988 4304
6989 5472
6990 5473
6991 4315
6992 5476
6993 4317
6994 3126
6995 5480
6996 5473
6997 5482
6998 5483
6999 6240
7000 5485
7001 5486
7002 5487
7003 6309
7004 5460
7005 5490
7006 5489
7007 5485
7008 5459
7009 6309
7010 5479
7011 6322
7012 1003
7013 6313
7014 6070
7015 83
7016 556
7017 369
7018 3814
7019 5492
7020 5499
7021 4314
7022 5499
7023 6358
7024 4317
7025 3050
7026 4621
7027 5500
7028 4318
7029 4332
7030 5497
7031 5482
7032 6327
7033 5485
7034 6337
7035 6338
7036 6330
7037 5488
7038 6070
7039 4335
7040 73
7041 4985
7042 5498
7043 4327
7044 4330
7045 4331
7046 5501
7047 6360
7048 6060
7049 6657
7050 4333
7051 5497
7052 5504
7053 5505
7054 545
7055 1980
7056 6734
7057 6341
7058 5509
7059 5509
7060 5510
7061 4340
7062 5757
7063 6364
7064 5530
7065 5539
7066 4480
7067 6071
7068 6080
7069 6365
7070 2776
7071 4743
7072 5515
7073 5580
7074 5433
7075 6350
7076 5523
7077 5580
7078 6403
7079 3511
7080 1678
7081 4953
7082 6095
7083 6251
7084 2330
7085 6380
7086 5532
7087 6367
7088 5543
7089 5544
7090 5545
7091 5491
7092 5535
7093 5536
7094 6350
7095 4473
7096 5464
7097 2938
7098 4462
7099 2949
7100 5549
7101 5543
7102 6793
7103 5546
7104 3135
7105 5523
7106 5554
7107 4338
7108 4337
7109 4662
7110 6373
7111 5898
7112 4543
7113 6060
7114 6644
7115 105
7116 1155
7117 4489
7118 5551
7119 6599
7120 146
7121 2857
7122 6050
7123 4470
7124 5582
7125 6482
7126 6377
7127 3154
7128 6080
7129 6118
7130 4355
7131 4583
7132 4421
7133 5585
7134 6381
7135 5586
7136 5587
7137 5591
7138 5563
7139 1078
7140 3847
7141 5651
7142 1432
7143 1729
7144 5574
7145 6819
7146 4436
7147 4099
7148 6960
7149 5594
7150 5523
7151 5053
7152 2589
7153 4840
7154 3168
7155 5623
7156 5956
7157 2892
7158 5751
7159 6410
7160 6806
7161 572
7162 5588
7163 4464
7164 5594
7165 6500
7166 5547
7167 5429
7168 4456
7169 4457
7170 5595
7171 4457
7172 5598
7173 5600
7174 4740
7175 2566
7176 4996
7177 5661
7178 2365
7179 6419
7180 4480
7181 5677
7182 3786
7183 6729
7184 6372
7185 5607
7186 5604
7187 5677
7188 4484
7189 2340
7190 6729
7191 6985
7192 6656
7193 6657
7194 5613
7195 5611
7196 5612
7197 4439
7198 5877
7199 6424
7200 5057
7201 3140
7202 2952
7203 5614
7204 1460
7205 6315
7206 6683
7207 5569
7208 6689
7209 5139
7210 5247
7211 3121
7212 5669
7213 5668
7214 5875
7215 4724
7216 4922
7217 6821
7218 6398
7219 5646
7220 5671
7221 5621
7222 5647
7223 2653
7224 160
7225 4547
7226 2946
7227 6433
7228 6838
7229 1747
7230 2950
7231 5627
7232 5651
7233 4591
7234 6433
7235 992
7236 18
7237 5851
7238 6405
7239 5653
7240 4601
7241 5635
7242 5640
7243 5543
7244 5656
7245 5660
7246 3109
7247 5636
7248 5067
7249 5636
7250 4742
7251 4482
7252 4483
7253 5640
7254 5641
7255 4507
7256 685
7257 1643
7258 2629
7259 3011
7260 2932
7261 6954
7262 6689
7263 814
7264 5670
7265 4545
7266 5672
7267 4583
7268 5648
7269 4422
7270 6433
7271 6541
7272 5681
7273 5681
7274 5656
7275 4559
7276 5684
7277 5658
7278 5659
7279 4632
7280 2743
7281 5659
7282 1880
7283 5431
7284 5663
7285 3115
7286 5665
7287 5666
7288 2555
7289 4538
7290 1643
7291 5453
7292 6126
7293 5673
7294 5695
7295 5696
7296 6450
7297 6455
7298 54
7299 4376
7300 4643
7301 4644
7302 5684
7303 6419
7304 6454
7305 5165
7306 5687
7307 5688
7308 4061
7309 5689
7310 6418
7311 5665
7312 5112
7313 5693
7314 5694
7315 6557
7316 5443
7317 3016
7318 1065
7319 4468
7320 5825
7321 1449
7322 4062
7323 6614
7324 5615
7325 4360
7326 6459
7327 6055
7328 6056
7329 5703
7330 5705
7331 5706
7332 5663
7333 5701
7334 5702
7335 3138
7336 3138
7337 6060
7338 2658
7339 1805
7340 6508
7342 6053
7343 6053
7344 4983
7345 4726
7346 6821
7347 5759
7348 3235
7349 5165
7350 464
7351 2923
7352 5781
7353 4723
7354 632
7355 4724
7356 4727
7357 4507
7358 5785
7359 4026
7360 5721
7361 3329
7362 343
7363 4730
7364 5764
7365 5955
7366 54
7367 5728
7368 5850
7369 5851
7370 6474
7371 5851
7372 5850
7373 5852
7374 4552
7375 5740
7376 5766
7377 4737
7378 5743
7379 5769
7380 4552
7381 5768
7382 2700
7383 3620
7384 5869
7385 5796
7386 3767
7387 5770
7388 6903
7389 5817
7390 2284
7391 4785
7392 5749
7393 5613
7394 6500
7395 5771
7396 2691
7397 5775
7398 5776
7399 5971
7400 967
7401 4744
7402 188
7403 4834
7404 112
7405 1873
7406 6517
7407 965
7408 2013
7409 113
7410 1254
7411 1891
7412 3405
7413 1450
7414 6580
7415 6903
7416 4800
7417 5786
7418 5789
7420 5809
7421 5730
7422 6428
7423 5793
7424 1241
7425 5767
7426 5768
7427 4126
7428 548
7429 5793
7430 6496
7431 5794
7432 5813
7433 6514
7434 6852
7435 1643
7436 5752
7437 1643
7438 4512
7439 6686
7440 6242
7441 6242
7442 1406
7443 5303
7444 3922
7445 4936
7446 5907
7447 5908
7448 4656
7449 1140
7450 5806
7451 5807
7452 6507
7453 6493
7454 5808
7455 5811
7456 5810
7457 5795
7458 5649
7459 2291
7460 5797
7461 5798
7462 3288
7463 5800
7464 5801
7465 5691
7466 5692
7467 6923
7468 5802
7469 5803
7470 5805
7471 2132
7472 5862
7473 6575
7474 6510
7475 2583
7476 5758
7477 6382
7478 4656
7479 6649
7480 6868
7481 6517
7482 6177
7483 5817
7484 5818
7485 5819
7486 5820
7487 4300
7488 4815
7489 5823
7490 5824
7491 5827
7492 5828
7493 6408
7494 2858
7495 5664
7496 2217
7497 2523
7498 5826
7499 6525
7500 6526
7501 5599
7502 2785
7503 5821
7504 5822
7505 3712
7506 2546
7507 4829
7508 4202
7509 171
7510 6358
7511 5637
7512 1095
7513 135
7514 1058
7515 5623
7516 3061
7517 142
7518 6498
7519 6598
7520 805
7521 4926
7522 3278
7523 6531
7524 1426
7525 6917
7526 4838
7527 4854
7528 3326
7529 5901
7530 6534
7531 6536
7532 6561
7533 6561
7534 2645
7535 4846
7536 3710
7537 2873
7538 5013
7539 178
7540 4591
7541 6541
7542 5843
7543 2857
7544 5846
7545 5850
7546 6611
7547 4917
7548 5848
7549 5855
7550 5887
7551 5884
7552 5918
7553 2063
7554 1643
7555 4881
7556 6549
7557 5854
7558 2365
7559 1876
7560 5860
7561 5861
7562 5862
7563 6530
7564 387
7565 4770
7566 6571
7567 5893
7568 6668
7569 2639
7570 6898
7571 4775
7572 5838
7573 5469
7574 2908
7575 2342
7576 2579
7577 3182
7578 1377
7579 2003
7580 566
7581 1020
7582 5955
7583 6580
7584 6581
7585 5907
7586 4955
7587 5910
7588 6427
7589 5881
7590 5881
7591 5915
7592 5917
7593 5885
7594 5092
7595 5889
7596 1643
7597 6514
7598 6556
7599 1015
7600 589
7601 3451
7602 6304
7603 5799
7604 6304
7605 4998
7606 5505
7607 6718
7608 4000
7609 6019
7610 3309
7611 4865
7612 2272
7613 1868
7614 5623
7615 5875
7616 5518
7617 6900
7618 5909
7619 6589
7620 6590
7621 5934
7622 5944
7623 5945
7624 3033
7625 5936
7626 6583
7627 5938
7628 5939
7629 5940
7630 4816
7631 6016
7632 4554
7633 5919
7634 5920
7635 5921
7636 5922
7637 6585
7638 5001
7639 5002
7640 629
7641 3427
7642 4598
7643 5923
7644 6895
7645 5197
7646 4000
7647 5683
7648 6565
7649 3048
7650 1267
7651 650
7652 4019
7653 4589
7654 5943
7655 5944
7656 5945
7657 6592
7658 5946
7659 6162
7660 103
7661 3096
7662 629
7663 4535
7664 6593
7665 6909
7666 4806
7667 4055
7668 4771
7669 6661
7670 6596
7671 6597
7672 6594
7673 5951
7674 6408
7675 5952
7676 2251
7677 3280
7678 5003
7679 5488
7680 3839
7681 5567
7682 3934
7683 6792
7684 5997
7685 3314
7686 5567
7687 4962
7688 5970
7689 5962
7690 1920
7691 3253
7692 149
7693 1159
7694 2159
7695 2842
7696 2329
7697 4911
7698 4988
7699 6006
7700 6360
7701 6007
7702 6010
7703 6012
7704 6013
7705 6791
7706 6014
7707 5971
7708 5972
7709 5981
7710 1194
7711 4971
7712 4971
7713 5094
7714 6073
7715 5983
7716 6019
7717 160
7718 5928
7719 4721
7720 5271
7721 5061
7722 2000
7723 5997
7724 4067
7725 6598
7726 6510
7727 4658
7728 82
7729 3561
7730 3562
7731 5623
7732 3683
7733 5999
7734 6000
7735 6646
7736 6064
7737 2365
7738 5999
7739 6000
7740 6596
7741 6620
7742 5904
7743 6622
7744 6068
7745 6015
7746 4454
7747 4992
7748 5094
7749 869
7750 5848
7751 5580
7752 6033
7753 4027
7754 3523
7755 161
7756 4979
7757 6064
7758 4999
7759 2714
7760 6072
7761 6642
7762 6026
7763 6027
7764 6034
7765 6028
7766 6029
7767 6630
7768 6631
7769 4953
7770 6179
7771 6561
7772 6035
7773 5966
7774 6037
7775 6633
7776 5949
7777 2008
7778 6081
7779 6110
7780 6633
7781 6037
7782 5952
7783 1270
7784 6634
7785 1600
7786 3777
7787 2083
7788 6222
7789 6430
7790 3033
7791 6664
7792 5593
7793 2378
7794 732
7795 5218
7796 4019
7797 5741
7798 4496
7799 6545
7800 6052
7801 5636
7802 6612
7803 6019
7804 6659
7805 3830
7806 1255
7807 5774
7808 2843
7809 6055
7810 6056
7811 2330
7812 5106
7813 6057
7814 4139
7815 6058
7816 6024
7817 6070
7818 6071
7819 6636
7820 5119
7821 6656
7822 6074
7823 6832
7824 6076
7825 5120
7826 6293
7827 4566
7828 4720
7829 5615
7830 2843
7831 6055
7832 6056
7833 3253
7834 6064
7835 6055
7836 6065
7837 6383
7838 6001
7839 6046
7840 6095
7841 6069
7842 6645
7843 6683
7844 6082
7845 6652
7846 6385
7847 4210
7848 2706
7849 6902
7850 4064
7851 1108
7852 1106
7853 3509
7854 5610
7855 6680
7856 103
7857 6061
7858 2008
7859 3152
7860 6106
7861 6703
7862 6106
7863 6948
7864 5100
7865 6107
7866 678
7867 5262
7868 6101
7869 3961
7870 5521
7871 6102
7872 6112
7873 6114
7874 3977
7875 6040
7876 6114
7877 5099
7878 6944
7879 4015
7880 6693
7881 4457
7882 1889
7883 6109
7884 5111
7885 6113
7886 6121
7887 5133
7888 5532
7889 5117
7890 6366
7891 5131
7892 6126
7893 337
7894 100
7895 6184
7896 6116
7897 6117
7898 6118
7899 6119
7900 6125
7901 4885
7902 5131
7903 4964
7904 6408
7905 4787
7906 6686
7907 4019
7908 650
7909 118
7910 4844
7911 4199
7912 1889
7913 3254
7914 1942
7915 4910
7916 3739
7917 4139
7919 6166
7920 680
7921 5277
7922 4273
7923 5212
7924 6168
7925 6169
7926 4968
7927 6558
7928 6138
7929 6170
7930 5158
7931 5568
7932 2484
7933 3544
7934 5255
7935 5257
7936 6182
7937 3886
7938 4447
7939 3650
7940 4204
7941 5089
7942 6164
7943 3957
7944 4828
7945 6716
7946 1889
7947 6190
7948 6191
7949 690
7950 6174
7951 3984
7952 6192
7953 6837
7954 6696
7955 4377
7956 5000
7957 6696
7958 6194
7959 6195
7960 6699
7961 6178
7962 5274
7963 3786
7964 6961
7965 5268
7966 6296
7967 71
7968 2843
7969 2270
7970 3666
7971 5271
7972 5286
7973 5719
7974 307
7975 6199
7976 5288
7977 1169
7978 5757
7979 190
7980 1907
7981 5279
7982 6732
7983 6184
7984 6185
7985 6732
7986 6190
7987 6191
7988 6730
7989 5268
7990 6192
7991 6696
7992 6184
7993 6193
7994 5085
7995 6195
7996 6202
7997 5274
7998 6974
7999 6205
8000 6206
8001 5277
8002 5278
8003 6207
8004 5279
8005 5280
8006 3995
8007 3996
8008 6711
8009 5285
8010 5907
8011 6005
8012 5287
8013 5288
8014 5298
8015 545
8016 103
8017 545
8018 647
8019 4476
8020 4214
8021 5296
8022 6210
8023 984
8024 5837
8025 5300
8026 5301
8027 5299
8028 4490
8029 5905
8030 6211
8031 4451
8032 5277
8033 3507
8034 6214
8035 5304
8036 6209
8037 5291
8038 5296
8039 2893
8040 2817
8041 5523
8042 6260
8043 5262
8044 6263
8045 5355
8046 6264
8047 6265
8048 6266
8049 1694
8050 5375
8051 5390
8052 6268
8053 1627
8054 2589
8055 6227
8056 4153
8057 2515
8058 6269
8059 5382
8060 6219
8061 3109
8062 6233
8063 6235
8064 6221
8065 5395
8066 1147
8067 2633
8068 6239
8069 1442
8070 1442
8071 6242
8072 6243
8073 6256
8074 935
8075 6245
8076 6246
8077 2472
8078 587
8079 1524
8080 6253
8081 6258
8082 6322
8083 4425
8084 2285
8085 3614
8086 2585
8087 122
8088 551
8089 1108
8090 4018
8091 1107
8092 6749
8093 4152
8094 670
8095 3195
8096 4149
8097 5378
8098 5392
8099 4879
8100 6275
8101 5394
8102 1540
8103 6280
8104 4696
8105 6763
8106 6273
8107 6764
8108 1140
8109 74
8110 74
8111 1465
8112 3962
8113 4719
8114 5402
8115 5391
8116 2675
8117 4154
8118 1250
8119 1071
8120 1072
8121 144
8122 160
8123 160
8124 650
8125 6289
8126 1624
8127 4719
8128 5403
8129 2002
8130 851
8131 1319
8132 1227
8133 3246
8134 5401
8135 6287
8136 6288
8137 6290
8138 6315
8139 6316
8140 6317
8141 6318
8142 6294
8143 5495
8144 6321
8145 4620
8146 3540
8147 2711
8148 6300
8149 6292
8150 6317
8151 6318
8152 715
8153 6294
8154 5474
8155 6326
8156 5482
8157 6152
8158 6240
8159 6776
8160 6777
8161 6070
8162 6313
8163 3062
8164 3061
8165 1169
8166 6383
8167 1939
8168 5492
8169 5493
8170 6792
8171 6315
8172 5479
8173 5877
8174 5497
8175 6334
8176 6775
8177 5483
8178 5483
8179 6335
8180 6776
8181 6338
8182 3745
8183 6335
8184 3745
8185 6336
8186 6330
8187 1003
8188 4983
8189 4335
8190 4985
8191 677
8192 5500
8193 4330
8194 5501
8195 6663
8196 5497
8197 6782
8198 6523
8199 142
8200 160
8201 5498
8202 5500
8203 5401
8204 5503
8205 6017
8206 4866
8207 5035
8208 6694
8209 5509
8210 5510
8211 2329
8212 4303
8213 677
8214 5543
8215 6795
8216 6352
8217 6353
8218 2365
8219 6356
8220 5580
8221 4377
8222 2589
8223 3029
8224 149
8225 3272
8226 5931
8227 2325
8228 5548
8229 1431
8230 6787
8231 6354
8232 6355
8233 6790
8234 545
8235 6362
8236 5554
8237 5121
8238 5155
8239 2008
8240 5601
8241 4428
8242 5873
8243 6367
8244 6368
8245 6386
8246 6422
8247 6369
8248 6793
8249 6283
8250 544
8251 545
8252 6393
8253 3328
8254 4907
8255 105
8256 6410
8257 6806
8258 3308
8259 57
8260 5604
8261 6829
8262 1442
8263 6385
8264 6386
8265 5661
8266 6390
8267 5605
8268 5606
8269 6393
8270 1980
8271 1072
8272 2277
8273 5876
8274 5877
8275 6795
8276 2952
8277 6394
8278 5682
8279 2941
8280 6412
8281 4583
8282 5674
8283 6419
8284 6454
8285 5912
8286 6385
8287 6386
8288 5966
8289 1108
8290 4985
8291 5598
8292 6413
8293 6360
8294 6360
8295 6985
8296 4062
8297 6417
8298 6418
8299 4061
8300 6930
8301 6422
8302 5703
8303 3779
8304 6424
8305 5704
8306 6420
8307 6787
8308 3961
8309 3962
8310 639
8311 6510
8312 6779
8313 5875
8314 6429
8315 5648
8316 4838
8317 6541
8318 5190
8319 5701
8320 5679
8321 6478
8322 6478
8323 5912
8324 2569
8325 6452
8326 6514
8327 4507
8328 5797
8329 5628
8330 4061
8331 6488
8332 5801
8333 5691
8334 5692
8335 5664
8336 1643
8337 3014
8338 144
8339 5879
8340 6821
8341 6448
8342 6449
8343 6450
8344 6451
8345 6455
8346 4376
8347 4062
8348 2277
8349 3249
8350 6003
8351 6447
8352 5693
8353 6443
8354 6444
8355 4840
8356 1411
8357 6458
8358 6385
8359 5983
8360 4360
8361 6459
8362 6460
8363 5701
8364 5702
8365 5499
8366 6846
8367 6218
8368 3330
8369 5159
8370 3353
8371 6258
8372 4800
8373 6470
8374 5955
8375 6850
8376 6476
8377 908
8378 6481
8379 885
8380 6481
8381 5769
8382 6496
8383 6511
8384 6498
8385 4723
8386 6866
8387 6487
8388 6512
8389 1311
8390 6854
8391 5797
8392 6553
8393 5800
8394 5801
8395 6687
8396 6686
8397 3134
8398 6105
8399 6575
8400 4806
8401 6493
8402 6505
8403 6506
8404 5786
8405 6508
8406 3962
8407 2083
8408 6869
8409 49
8410 5569
8411 5810
8412 548
8413 5794
8414 5795
8415 6499
8416 4424
8417 2419
8418 1954
8419 6867
8420 6501
8421 6502
8422 161
8423 2703
8424 2858
8425 6756
8426 6242
8427 1295
8428 1840
8429 6649
8430 4657
8431 6517
8432 4614
8433 6518
8434 6519
8435 6520
8436 6521
8437 6522
8438 5443
8439 6874
8440 6875
8441 607
8442 6563
8443 6876
8444 2200
8445 5108
8446 6020
8447 2747
8448 6524
8449 6525
8450 4934
8451 5824
8452 4468
8453 5822
8454 6716
8455 2739
8456 619
8457 4379
8458 1204
8459 1377
8460 184
8461 6947
8462 6529
8463 2922
8464 5832
8465 5898
8466 5899
8467 5900
8468 5901
8469 6862
8470 6562
8471 6869
8472 6563
8473 884
8474 6539
8475 6540
8476 4838
8477 6427
8478 6543
8479 5884
8480 6567
8481 6569
8482 6552
8483 5920
8484 1111
8485 6585
8486 6554
8487 6555
8488 6854
8489 6556
8490 1015
8491 6757
8492 6669
8493 454
8494 6618
8495 4238
8496 2678
8497 1178
8498 4881
8499 2272
8500 5810
8501 3569
8502 3429
8503 3897
8504 5622
8505 1220
8506 5623
8507 3168
8508 2320
8509 3221
8510 2654
8511 5898
8512 5899
8513 6580
8514 6581
8515 3020
8516 6582
8517 6583
8518 5917
8519 5199
8520 6567
8521 6568
8522 6077
8523 1426
8524 975
8525 3096
8526 6570
8527 6908
8528 1967
8529 6909
8530 2051
8531 5579
8532 4055
8533 534
8534 4451
8535 6590
8536 6589
8537 6591
8538 6592
8539 5946
8540 6000
8541 6912
8542 6913
8543 629
8544 4905
8545 3847
8546 5673
8547 2651
8548 6915
8549 6916
8550 5946
8551 100
8552 2257
8553 3839
8554 4416
8555 4185
8556 915
8557 4788
8558 3267
8559 5672
8560 3302
8561 5722
8562 5999
8563 6065
8564 6936
8565 6646
8566 5913
8567 5999
8568 6000
8569 6361
8570 6427
8571 6609
8572 2019
8573 6609
8574 6610
8575 6017
8576 6026
8577 6027
8578 6625
8579 6626
8580 5592
8581 5654
8582 6028
8583 6029
8584 6643
8585 6032
8586 5580
8587 6854
8588 4216
8589 6718
8590 161
8591 6600
8592 6022
8593 1685
8594 1167
8595 2714
8596 6591
8597 6635
8598 6035
8599 5966
8600 6934
8601 6935
8602 6593
8603 1755
8604 6930
8605 6931
8606 5123
8607 5061
8608 1549
8609 2943
8610 5927
8611 4148
8612 687
8613 4806
8614 2934
8615 102
8616 4574
8617 3607
8618 103
8619 6427
8620 6427
8621 6636
8622 5625
8623 6642
8624 6076
8625 6645
8626 1114
8627 1116
8628 3536
8629 6064
8630 1982
8631 5988
8632 5989
8633 6078
8634 6561
8635 6679
8636 6632
8637 2966
8638 6942
8639 2656
8640 3253
8641 769
8642 6653
8643 6076
8644 6658
8645 6076
8646 5120
8647 3133
8648 5262
8649 2277
8650 6077
8651 4881
8652 6658
8653 5046
8654 6683
8655 6385
8656 5262
8657 2628
8658 2627
8659 499
8660 6664
8661 6671
8662 6674
8663 5120
8664 3253
8665 6410
8666 6478
8667 6672
8668 6796
8669 6663
8670 6678
8671 6408
8672 5598
8673 5085
8674 6686
8675 6687
8676 6673
8677 6691
8678 6113
8679 6688
8680 3786
8681 6127
8682 4455
8683 6114
8684 5121
8685 6683
8686 6408
8687 6691
8688 6952
8689 6120
8690 6122
8691 6123
8692 545
8693 160
8694 5657
8695 5516
8696 6348
8697 1108
8698 1528
8699 4840
8700 5998
8701 6226
8702 6723
8703 6719
8704 3285
8705 4057
8706 5269
8707 4377
8708 6696
8709 6732
8710 6187
8711 6718
8712 6719
8713 6563
8714 6964
8715 5158
8716 6721
8717 6722
8718 6196
8719 6715
8720 6558
8721 6705
8722 6724
8723 6726
8724 6727
8725 6712
8726 6296
8727 4391
8728 6198
8729 1651
8730 5089
8731 5907
8732 5719
8733 6716
8734 5294
8735 1907
8736 6985
8737 6966
8738 4488
8739 5294
8740 6965
8741 6732
8742 6718
8743 6719
8744 6964
8745 6735
8746 6202
8747 6203
8748 6204
8749 6205
8750 6206
8751 6738
8752 6207
8753 3235
8754 5294
8755 6208
8756 6739
8757 5292
8758 4550
8759 6210
8760 160
8761 6733
8762 6045
8763 6718
8764 6719
8765 6964
8766 6193
8767 6021
8768 4451
8769 6735
8770 6203
8771 6204
8772 6213
8773 6214
8774 6127
8775 3816
8776 6740
8777 3246
8778 6214
8779 6127
8780 6215
8781 6209
8782 3669
8783 1754
8784 4169
8785 6286
8786 6272
8787 4152
8788 6761
8789 6219
8790 6233
8791 4542
8792 3594
8793 6278
8794 6763
8795 6758
8796 5571
8797 2132
8798 160
8799 183
8800 1465
8801 3850
8802 6283
8803 6284
8804 4154
8805 4161
8806 6286
8807 1250
8808 2270
8809 5545
8810 6287
8811 5189
8812 160
8813 160
8814 650
8815 798
8816 1816
8817 1354
8818 6290
8819 1321
8820 460
8821 801
8822 1919
8823 3247
8824 587
8825 5051
8826 2001
8827 1844
8828 1321
8829 5419
8830 4634
8831 6288
8832 2830
8833 6095
8834 6792
8835 6331
8836 6767
8837 6769
8838 6317
8839 6318
8840 6316
8841 6776
8842 6777
8843 6782
8844 5907
8845 5908
8846 545
8847 74
8848 6683
8849 6340
8850 6600
8851 5995
8852 6288
8853 6568
8854 5888
8855 5123
8856 70
8857 6340
8858 6033
8859 585
8860 6357
8861 5944
8862 5945
8863 6357
8864 6358
8865 6795
8866 5782
8867 6853
8868 677
8869 6362
8870 5788
8871 6796
8872 545
8873 4895
8874 105
8875 6804
8876 6387
8877 5196
8878 2030
8879 6805
8880 2008
8881 6607
8882 6409
8883 6807
8884 6360
8885 6349
8886 6948
8887 5704
8888 6538
8889 6813
8890 6817
8891 6659
8892 4062
8893 2656
8894 5981
8895 6819
8896 6840
8897 5262
8898 1954
8899 164
8900 6798
8901 5262
8902 6649
8903 6382
8904 6920
8905 6831
8906 6839
8907 6825
8908 6832
8909 4596
8910 4062
8911 1426
8912 6830
8913 6444
8914 609
8915 11
8916 6834
8917 6835
8918 5269
8919 6838
8920 6841
8921 6840
8922 6452
8923 6842
8924 6394
8925 4393
8926 4867
8927 6060
8928 5978
8929 4647
8930 5701
8931 6729
8932 2637
8933 3144
8934 6517
8935 6883
8936 6508
8937 65
8938 4661
8939 6510
8940 5852
8941 548
8942 6511
8943 6826
8944 6850
8945 6077
8946 150
8947 6501
8948 6857
8949 2703
8950 2464
8951 2858
8952 110
8953 6756
8954 938
8955 5683
8956 3368
8957 715
8958 355
8959 6505
8960 4403
8961 5786
8962 6870
8963 6871
8964 6872
8965 6880
8966 6882
8967 6495
8968 6497
8969 64
8970 6874
8971 2558
8972 6563
8973 6876
8974 1295
8975 6060
8976 6041
8977 1243
8978 4387
8979 6522
8980 6279
8981 2587
8982 1860
8983 6760
8984 5657
8985 4312
8986 2407
8987 3630
8988 4714
8989 5623
8990 262
8991 4107
8992 6577
8993 6533
8994 6902
8995 6903
8996 3020
8997 6592
8998 6565
8999 6547
9000 3616
9001 5041
9002 6888
9003 610
9004 2315
9005 6570
9006 1455
9007 4982
9008 872
9009 6563
9010 4496
9011 6578
9012 6579
9013 6910
9014 6911
9015 6904
9016 6098
9017 6912
9018 6913
9019 5004
9020 2651
9021 5840
9022 5946
9023 3001
9024 4410
9025 6123
9026 3807
9027 557
9028 2257
9029 4416
9030 5176
9031 3747
9032 100
9033 2194
9034 1178
9035 161
9036 6600
9037 6619
9038 5
9039 6922
9040 6607
9041 6608
9042 4885
9043 2104
9044 5861
9045 6629
9046 6635
9047 6948
9048 5673
9049 6933
9050 5123
9051 5976
9052 868
9053 4216
9054 4496
9055 6650
9056 6470
9057 6658
9058 6061
9059 6916
9060 6036
9061 3777
9062 6634
9063 2966
9064 6942
9065 2008
9066 3275
9067 6607
9068 2277
9069 6683
9070 6478
9071 6946
9072 1480
9073 2277
9074 5262
9075 1906
9076 74
9077 4062
9078 4481
9079 973
9080 6955
9081 6957
9082 5913
9083 5964
9084 6641
9085 2929
9086 160
9087 1428
9088 1465
9089 160
9090 6493
9091 5907
9092 6966
9093 4488
9094 6966
9095 6967
9096 6980
9097 6981
9098 6982
9099 6983
9100 6724
9101 6984
9102 2019
9103 6726
9104 5627
9105 3033
9106 6985
9107 6978
9108 6739
9109 5275
9110 6206
9111 6214
9112 4061
9113 6985
9114 6618
9115 5197
9116 5139
9117 1898
9118 4284
9119 801
9120 6420
9121 6528
9122 6083
9123 6741
