3 6
9 14
18 991
22 301
39 1491
52 2070
58 329
59 232
60 230
62 237
68 1553
76 14
79 2329
82 103
88 249
91 1188
98 1611
101 3145
110 264
116 2231
119 146
121 145
125 1856
127 154
135 661
140 663
147 280
153 670
157 3801
159 1441
173 288
174 1443
213 142
234 3491
249 1642
256 302
257 303
259 304
265 726
270 381
271 1639
276 1580
279 2022
281 1139
286 1539
294 330
297 1645
300 333
302 3822
303 312
309 201
310 1649
312 1638
329 267
331 343
334 1997
339 271
343 3476
344 1441
345 346
346 347
348 1887
356 1995
358 1838
370 1992
380 689
383 1833
439 371
441 372
442 373
443 1655
446 2190
452 1715
453 1718
457 379
458 1328
465 1658
467 1695
477 1676
480 305
490 1699
499 437
500 438
513 832
517 839
519 437
522 769
524 697
536 443
538 446
539 482
541 1736
542 1721
545 452
547 454
548 456
549 455
551 458
553 459
555 460
556 461
559 463
564 466
565 467
566 468
567 469
568 2212
569 470
570 471
571 472
572 416
573 417
574 473
575 474
577 420
578 2472
581 781
582 422
585 774
586 837
589 430
590 431
591 434
593 436
594 4658
602 429
605 437
623 1759
624 487
625 1777
632 3399
636 4808
638 1782
641 1803
644 2206
649 1709
651 908
673 1796
675 1802
679 497
683 1387
684 519
686 3430
689 511
691 930
694 512
695 513
696 514
697 515
698 516
705 1824
706 1821
708 944
709 945
710 526
711 527
713 531
714 532
718 543
719 1829
723 1832
732 295
733 296
734 2141
737 2062
739 2057
741 710
745 713
749 301
750 717
751 305
753 2422
759 308
771 1540
776 744
777 745
778 749
779 558
787 716
790 2038
792 3565
794 2019
797 407
800 1189
805 132
812 634
816 768
817 637
822 2231
826 3476
849 662
850 777
851 663
864 676
865 2360
868 3772
872 654
888 2369
890 1833
891 1834
899 4791
944 698
945 699
949 784
950 553
951 786
952 787
961 380
963 796
968 853
969 710
981 811
982 812
983 1645
984 3818
985 2324
987 3822
988 314
999 411
1009 2362
1010 2363
1011 833
1012 3757
1018 1990
1023 769
1042 792
1046 447
1050 852
1053 455
1062 870
1067 2422
1068 876
1069 877
1070 878
1071 879
1072 880
1074 827
1078 832
1082 906
1088 2472
1091 1648
1092 835
1094 4204
1096 842
1097 906
1128 483
1130 486
1135 490
1136 2208
1138 2439
1141 878
1143 2472
1144 2473
1145 2478
1154 906
1157 2511
1158 2478
1159 2479
1161 890
1169 503
1170 504
1172 506
1180 918
1181 919
1182 520
1186 2505
1190 924
1198 521
1199 522
1202 931
1203 932
1204 1387
1206 941
1207 932
1208 933
1209 934
1211 2544
1212 936
1215 540
1217 943
1218 946
1221 948
1222 949
1242 1954
1248 1125
1253 1243
1255 976
1258 1553
1260 3158
1263 992
1265 1128
1282 1137
1284 1139
1285 262
1286 994
1293 1129
1305 1152
1309 1154
1311 1030
1314 1838
1315 3476
1320 1142
1321 1153
1322 662
1325 1246
1327 1053
1328 1994
1329 1168
1332 2879
1338 5955
1340 3757
1346 1172
1347 1173
1350 797
1353 2897
1356 1992
1364 1068
1367 1675
1372 1424
1373 1181
1375 188
1377 1081
1389 1086
1390 1087
1392 4510
1402 4510
1409 1630
1416 1101
1418 1202
1420 1203
1421 1204
1423 1107
1426 687
1459 1109
1511 1539
1512 1222
1515 1225
1528 1646
1529 1128
1534 3762
1541 2958
1549 1129
1551 1250
1552 1251
1554 1252
1557 1086
1558 1328
1565 1694
1571 697
1572 1183
1573 769
1577 1187
1589 1707
1591 1205
1616 678
1619 1349
1620 3075
1624 3023
1626 3072
1627 1312
1629 1350
1631 1313
1632 1649
1633 1315
1634 1316
1637 1352
1638 1712
1640 1320
1641 1226
1642 1321
1644 1241
1646 1323
1652 139
1653 1261
1654 1262
1655 1359
1657 1333
1658 1334
1659 1329
1660 1330
1661 1331
1662 4204
1664 2083
1667 1338
1669 2385
1670 1335
1671 1339
1672 1340
1673 1341
1674 1342
1675 843
1677 843
1682 1280
1688 1335
1690 1286
1692 1294
1695 1282
1701 2646
1702 1303
1711 1205
1715 6104
1730 1348
1733 1370
1740 1351
1742 1353
1744 1372
1747 3074
1748 1355
1751 1356
1753 1337
1758 1344
1763 1345
1764 1346
1774 5779
1782 3100
1783 3101
1785 3098
1787 1388
1788 3105
1790 1374
1791 1389
1798 1364
1800 1382
1801 1367
1803 1368
1804 1383
1805 1384
1815 1390
1817 1378
1818 1394
1819 1379
1820 1380
1821 1397
1822 1401
1824 1382
1825 2795
1826 1385
1829 1393
1830 1395
1831 1396
1832 1398
1833 1399
1834 1400
1848 1407
1862 2647
1903 3144
1905 3145
1914 3152
1917 1846
1918 3158
1923 1566
1927 1568
1930 3171
1931 3173
1934 1856
1940 1452
1941 1580
1942 1581
1952 1578
1953 1587
1955 145
1956 1595
1968 1601
1979 1490
1980 1675
1983 1606
1984 1607
1988 142
2011 1691
2012 116
2015 1619
2019 1497
2023 3252
2030 1111
2032 1639
2033 1640
2034 1633
2037 4719
2046 2231
2073 1439
2076 188
2078 3464
2087 1833
2089 2000
2090 1995
2093 1992
2094 3463
2096 344
2099 342
2100 1652
2101 1715
2102 3512
2105 3334
2106 3281
2108 1657
2109 3283
2117 1730
2118 1576
2119 1577
2124 1583
2125 1668
2126 1669
2127 429
2128 1592
2129 364
2135 3344
2140 1674
2142 330
2151 1690
2156 3309
2165 1701
2171 1636
2172 1637
2197 3267
2200 4905
2202 1857
2204 3559
2206 2000
2212 1665
2213 3373
2214 1730
2215 1722
2216 441
2217 1724
2218 1725
2222 1727
2226 1770
2229 1667
2238 420
2240 1734
2241 1735
2243 3343
2244 3345
2245 1738
2246 1739
2247 1740
2249 1741
2255 438
2259 1676
2280 1699
2287 4746
2296 4204
2297 1178
2298 1709
2301 3559
2303 2206
2305 1759
2307 1758
2310 1761
2312 1763
2315 1765
2316 501
2319 3381
2325 3387
2327 3415
2330 1772
2331 1773
2332 1774
2333 1775
2336 473
2337 1781
2338 1778
2339 1779
2341 1783
2342 1738
2343 1739
2344 1740
2352 3399
2366 1792
2367 1768
2368 1766
2369 1767
2372 1798
2373 1784
2374 1785
2379 3428
2386 3430
2387 1814
2390 3434
2392 531
2394 517
2395 1798
2397 1818
2399 1805
2400 1806
2412 529
2415 1827
2416 1828
2420 537
2429 3456
2444 3457
2445 3458
2448 3461
2453 1836
2454 117
2455 3463
2461 2863
2470 1839
2481 3562
2511 3772
2523 1846
2526 4839
2536 1856
2540 1859
2544 3972
2548 1864
2550 647
2564 1882
2577 2031
2592 5172
2593 1907
2594 2067
2603 3602
2606 2051
2607 1111
2608 2043
2610 3519
2612 2055
2613 2056
2621 3985
2622 2058
2625 1662
2629 1607
2631 3544
2633 2070
2634 3822
2644 1974
2661 188
2669 1993
2674 1996
2680 3762
2683 1999
2690 768
2692 4953
2697 3566
2698 1453
2701 1453
2706 2013
2710 2098
2714 2018
2715 2068
2716 2069
2725 2027
2726 2181
2729 2116
2731 2030
2736 1658
2737 1715
2740 2150
2741 2041
2742 2042
2745 3818
2746 2135
2751 2148
2752 3615
2755 3684
2758 698
2759 699
2761 2154
2764 2201
2766 2158
2767 2160
2778 3559
2784 3858
2791 2097
2798 3857
2799 3858
2802 2094
2814 2099
2819 2018
2820 2166
2821 2167
2823 2102
2824 2103
2825 2168
2826 2169
2827 2132
2829 2176
2830 2177
2831 2174
2832 2172
2834 2112
2835 2113
2836 2106
2838 2116
2840 2117
2842 2118
2843 2119
2846 2185
2848 2186
2849 2191
2850 2194
2851 2192
2853 2226
2855 2196
2857 2227
2868 2083
2886 3685
2890 1226
2893 3686
2897 2212
2898 2213
2899 2168
2900 2214
2903 5060
2905 2219
2906 2244
2908 2223
2914 2228
2921 2207
2924 1475
2925 2237
2926 1789
2929 2239
2930 2241
2932 2242
2933 2243
2934 2247
2936 2247
2938 2248
2943 2249
2949 2231
2950 2232
2951 2234
2952 2253
2954 2235
2955 2236
2960 2258
2969 2257
2970 2265
2972 2267
2981 3750
2982 1829
2995 2441
3002 794
3004 2397
3008 809
3012 2412
3014 2413
3015 3818
3019 2416
3025 2290
3027 2292
3031 820
3041 2469
3042 2426
3043 2427
3044 2354
3049 676
3050 2358
3051 2359
3052 2360
3054 2363
3060 4069
3061 4070
3062 2371
3063 2372
3064 2432
3065 2433
3072 3755
3076 4068
3084 2436
3090 696
3126 847
3127 142
3128 849
3129 850
3134 2446
3137 2450
3139 857
3141 456
3142 860
3143 1645
3148 2450
3149 2451
3150 2452
3157 873
3162 877
3163 2470
3164 2471
3167 5351
3172 4204
3195 2438
3198 898
3200 2444
3202 900
3212 2446
3214 2469
3215 2499
3217 2472
3220 4115
3222 2472
3223 2473
3224 2480
3225 2481
3226 842
3234 2512
3235 897
3236 898
3237 910
3239 914
3249 4146
3251 2507
3252 2508
3257 2511
3258 2522
3265 925
3266 926
3267 2528
3271 928
3273 939
3274 940
3275 2521
3277 2532
3278 937
3279 938
3283 2535
3284 941
3286 2540
3288 947
3290 2548
3293 4162
3294 4163
3295 949
3296 950
3301 2541
3316 2660
3317 2661
3322 2662
3324 2664
3330 2668
3336 2581
3337 2591
3344 406
3350 2678
3353 2679
3354 2680
3356 2600
3357 2574
3358 2575
3359 2683
3365 2581
3368 2689
3369 1265
3370 4226
3374 1271
3379 1194
3380 4889
3386 4388
3392 2638
3394 2640
3397 3752
3398 2645
3401 2646
3402 1203
3403 1204
3406 2648
3408 2652
3444 370
3448 2725
3449 2730
3450 2794
3452 1313
3454 2727
3456 2731
3464 2735
3465 3078
3466 2739
3467 2664
3468 2729
3471 2682
3474 1331
3476 2747
3480 2751
3481 2752
3483 2754
3487 2757
3488 2758
3490 2709
3496 2749
3499 843
3530 2773
3531 1348
3532 2775
3533 2774
3535 2796
3536 2795
3544 2777
3545 2725
3546 2780
3547 2781
3548 2751
3549 2752
3552 2802
3553 2756
3555 4269
3563 2477
3564 2764
3572 2769
3573 2760
3587 2793
3591 2799
3593 2809
3598 2787
3599 2804
3601 2791
3607 2807
3611 2803
3612 2819
3614 2814
3621 1404
3622 2813
3623 2814
3624 2825
3625 2826
3626 2816
3627 2815
3629 2820
3630 2821
3631 4325
3632 4315
3638 2825
3639 2826
3645 2829
3649 3140
3663 4492
3672 2943
3685 1408
3687 2949
3689 2952
3690 3476
3696 1168
3698 2948
3701 1177
3703 188
3710 2948
3712 2961
3713 2963
3714 2964
3721 1274
3723 2972
3724 2980
3725 2981
3730 2976
3734 2982
3735 2983
3741 2902
3752 2996
3776 3006
3777 3007
3802 3667
3805 4542
3812 3014
3814 4582
3815 3024
3816 4546
3818 3028
3820 3025
3823 1350
3824 3021
3826 4548
3827 769
3829 4550
3836 4552
3840 2945
3841 3038
3844 188
3846 843
3847 2958
3848 2959
3861 3052
3862 3053
3863 3054
3865 3056
3866 2979
3869 2989
3870 1285
3871 3050
3872 1343
3880 3060
3892 3005
3922 624
3927 3073
3929 3074
3930 3075
3932 3078
3933 3079
3935 3027
3938 3105
3941 3084
3943 3085
3944 3042
3946 3087
3947 3088
3948 3046
3949 3047
3950 3091
3951 3092
3952 3093
3953 3050
3961 3057
3962 3058
3967 3094
3974 3100
3975 3101
3976 3064
3979 1753
3980 4623
3986 3086
3988 3107
3989 3092
3990 3093
3992 4646
3994 3094
3995 3095
3999 3118
4005 3121
4007 3122
4008 3110
4013 3125
4014 3113
4015 3114
4022 3135
4023 3137
4024 3124
4026 3127
4027 3128
4028 3138
4029 3129
4030 3131
4031 3132
4034 3133
4037 2812
4038 4653
4039 4654
4040 3139
4041 3127
4048 4652
4050 4652
4087 1439
4088 3142
4094 4836
4098 4728
4100 3270
4103 3149
4105 3158
4109 1078
4112 3169
4115 3172
4124 3178
4125 3179
4130 3189
4132 3185
4133 3186
4134 1582
4138 3195
4139 3196
4141 3198
4144 3344
4147 469
4153 1605
4155 3216
4156 4704
4158 3223
4159 3224
4162 3225
4169 3230
4173 3238
4181 3245
4184 4713
4219 1416
4221 3267
4223 1416
4228 1857
4232 1833
4239 3325
4240 3326
4242 3327
4243 3328
4245 1652
4253 3338
4254 3287
4262 3289
4263 4761
4264 420
4265 4761
4269 3343
4273 3347
4275 3295
4278 1742
4286 3399
4292 3264
4294 4746
4308 4204
4310 1857
4312 3559
4313 3367
4316 3370
4317 3371
4318 3375
4320 3412
4323 3382
4326 4737
4329 3388
4333 3392
4334 3393
4337 4769
4339 4708
4348 3361
4350 4778
4351 4779
4354 142
4364 3431
4366 4805
4368 3407
4370 3371
4371 3376
4375 3385
4376 3383
4377 3384
4379 3417
4380 4791
4381 4792
4383 1780
4384 3418
4385 3419
4386 3421
4387 3422
4389 3395
4390 3396
4397 4823
4405 4802
4408 3434
4412 4809
4413 3436
4416 3441
4417 3442
4419 4827
4420 3451
4422 3429
4428 4826
4429 3444
4430 3445
4431 3446
4432 3447
4435 4828
4439 3452
4442 4831
4443 4832
4444 4833
4464 4834
4465 4835
4491 3564
4493 4842
4497 4841
4503 1857
4514 2001
4515 3487
4528 1856
4546 4864
4547 4672
4552 2315
4558 3603
4559 3601
4560 3602
4564 3523
4568 3616
4574 4890
4575 3553
4576 3633
4579 3635
4585 3639
4600 3464
4604 3468
4605 1108
4606 5956
4616 4849
4618 3573
4619 3649
4620 2094
4628 4958
4636 3679
4638 3584
4640 3656
4642 3661
4643 3662
4644 3663
4645 4919
4648 3589
4655 3599
4656 3675
4657 3671
4658 3672
4660 4935
4661 3704
4662 5883
4663 3679
4664 3673
4665 3674
4666 3609
4674 4948
4675 4950
4682 4903
4686 4904
4704 3695
4706 3692
4708 3696
4710 3664
4711 3719
4714 3724
4715 4945
4717 3700
4718 3726
4721 4979
4722 3729
4732 5866
4733 4950
4752 3687
4759 3718
4761 3694
4763 3697
4764 3719
4766 3725
4767 3699
4771 4995
4772 4996
4776 3709
4777 3710
4781 3714
4784 3715
4785 3735
4786 3722
4788 3701
4789 3702
4790 2262
4792 4994
4794 3737
4799 5123
4804 3742
4807 3743
4808 3744
4810 5005
4813 3739
4814 3749
4815 3750
4816 5008
4837 3753
4838 2378
4839 3754
4843 2271
4849 3757
4851 3758
4861 3761
4865 3862
4868 3863
4875 3499
4881 5144
4884 3924
4894 3781
4895 3782
4897 3931
4898 3831
4901 3894
4909 3898
4917 2129
4920 2139
4924 3819
4925 3818
4927 2193
4930 3907
4931 3889
4932 3890
4935 2189
4936 3822
4937 3899
4941 3902
4946 2149
4951 3911
4952 3955
4953 3912
4964 3861
4971 5140
4975 3861
4978 3867
4979 5209
4981 3868
4984 3869
4986 3870
4988 3875
4989 5157
4990 3929
4991 5155
4992 3930
4993 3921
4995 3907
4998 5036
5000 3945
5003 2220
5005 3952
5022 5203
5023 5204
5027 3919
5028 3920
5036 3961
5037 3962
5038 5203
5039 5204
5040 3919
5049 5251
5050 3964
5054 3686
5055 3930
5062 2226
5068 3706
5074 3958
5075 5239
5079 5239
5081 3972
5082 3973
5086 3976
5087 3977
5091 2244
5094 3979
5095 2248
5101 3988
5103 3991
5104 2256
5105 3992
5107 3994
5109 4011
5110 3996
5111 3998
5114 3983
5115 3984
5117 3985
5118 3986
5119 3987
5120 3989
5123 4004
5132 4004
5134 4005
5136 4015
5138 4016
5147 2438
5149 2441
5160 2405
5162 2452
5163 2458
5165 4102
5166 4103
5168 5327
5173 4108
5175 4112
5176 5355
5181 2335
5182 5343
5185 5323
5186 5324
5187 4068
5189 5349
5190 5351
5192 4204
5216 5262
5219 4121
5225 850
5228 2492
5229 2493
5231 4101
5236 4105
5242 2495
5246 2496
5251 4115
5253 5347
5254 5371
5257 4133
5267 2514
5275 4140
5278 5386
5280 4132
5282 1108
5285 2523
5286 2524
5287 2525
5288 2526
5289 4151
5291 4154
5292 4155
5294 4140
5300 4158
5305 926
5308 4161
5313 2546
5314 2547
5315 4164
5318 4165
5319 2550
5327 4162
5328 4163
5332 2550
5344 4241
5345 4242
5346 4244
5348 4244
5349 4245
5350 4252
5352 4193
5353 2735
5354 818
5355 818
5356 4192
5357 4255
5361 4257
5367 2746
5371 4263
5372 4266
5376 4219
5377 4220
5384 4227
5389 4275
5416 146
5423 2725
5424 2794
5425 4305
5433 4244
5435 3126
5437 4289
5438 4264
5439 4265
5440 4290
5441 4269
5444 5433
5445 4272
5446 4273
5447 2762
5450 5437
5453 4269
5456 4301
5464 4279
5466 4303
5468 2795
5478 4308
5479 4309
5481 5467
5484 4313
5485 4295
5486 4296
5493 4314
5494 2805
5495 4316
5500 4319
5502 4320
5511 4330
5512 4318
5516 4322
5517 5503
5518 2825
5520 4337
5521 4338
5522 4339
5523 4324
5524 4336
5529 4337
5531 5506
5539 5511
5546 1309
5552 4409
5556 4414
5557 4415
5560 4419
5573 4354
5575 2640
5576 4371
5578 3087
5581 3087
5583 4439
5588 4378
5589 4379
5591 4442
5594 4443
5597 2714
5600 4383
5601 4385
5606 4392
5611 4401
5638 4461
5641 3102
5642 5585
5645 5586
5649 4463
5651 4450
5652 5570
5653 4411
5654 5074
5678 4467
5683 4455
5688 4468
5689 4457
5693 4458
5694 4472
5697 4473
5698 4420
5705 5601
5706 4646
5710 4468
5711 4469
5712 4470
5713 4471
5714 4481
5715 4482
5718 4484
5723 5607
5725 4487
5726 4488
5728 6314
5739 4489
5740 4490
5742 3140
5754 5644
5762 2849
5768 4550
5771 4507
5772 4551
5776 5628
5783 4552
5784 4598
5786 4553
5787 4598
5788 2958
5789 2959
5797 2989
5799 3050
5800 3051
5806 4536
5808 5753
5820 4615
5822 4571
5823 4572
5847 4544
5848 4619
5849 4583
5853 2946
5856 2950
5857 4623
5860 4641
5862 4642
5864 4595
5865 4601
5867 4560
5868 3047
5870 3050
5871 3051
5872 4563
5873 4562
5876 4562
5878 3057
5883 4610
5885 4569
5906 4621
5907 3070
5909 4624
5910 4596
5911 4625
5913 4627
5915 4600
5916 4628
5917 4629
5918 4602
5921 4632
5922 4606
5928 4614
5930 4639
5931 5696
5939 3115
5946 4647
5947 4648
5948 4062
5956 4651
5959 4649
5960 4650
5961 3138
5965 4652
5966 4655
5986 1416
5988 3267
5990 1416
5991 1417
5995 3148
5998 6463
6002 4664
6004 3275
6008 3327
6009 3328
6011 1078
6016 4735
6022 4760
6027 4738
6028 3210
6031 1742
6032 1743
6037 4708
6047 4746
6064 140
6072 4659
6073 6462
6080 3325
6081 3326
6083 3329
6084 3330
6095 4737
6099 4762
6102 3347
6104 4742
6110 4772
6118 4779
6126 5896
6127 3367
6130 4805
6131 4808
6132 4754
6133 4759
6134 4758
6135 4760
6137 4791
6138 4792
6139 4791
6140 4792
6141 4793
6143 4795
6145 4767
6146 4768
6149 4771
6151 4823
6153 4797
6154 4798
6163 5895
6165 4802
6166 4804
6168 4809
6169 4810
6171 4789
6172 4790
6175 4812
6176 4813
6177 4815
6178 4816
6181 4826
6186 4821
6187 4820
6189 3446
6190 3447
6203 3435
6205 4825
6216 4830
6217 4831
6219 5952
6222 3452
6233 4836
6240 3564
6241 3647
6243 4846
6267 4928
6268 3584
6272 4922
6273 4923
6275 4924
6276 4925
6277 4944
6282 4935
6283 4972
6285 4979
6288 3616
6298 4948
6299 4950
6314 4904
6326 4911
6331 4936
6334 4917
6335 4965
6338 4966
6339 4972
6341 4930
6342 4945
6343 4969
6345 4970
6346 4971
6369 5997
6374 4952
6378 5929
6379 5930
6380 4956
6381 4957
6383 5904
6385 3714
6387 6006
6388 4962
6389 4966
6391 3693
6392 3694
6395 4992
6403 4980
6405 6018
6409 6033
6419 4957
6427 5000
6428 4993
6429 3729
6433 4980
6442 5944
6446 3742
6448 5001
6449 5002
6450 5004
6454 5006
6455 5003
6456 5008
6458 5954
6490 5019
6494 5075
6495 5076
6496 5024
6500 5077
6501 5078
6502 5057
6503 5027
6504 5033
6505 5034
6507 5030
6510 5038
6529 5091
6548 5079
6550 5095
6551 5099
6552 5100
6562 4984
6569 5092
6571 5093
6575 5111
6576 5109
6577 5115
6580 5114
6581 5100
6582 5117
6583 3724
6585 6034
6589 5104
6592 5106
6595 5107
6596 5124
6597 5125
6598 5126
6605 5104
6607 6115
6611 5127
6612 5135
6613 5135
6617 3750
6657 5146
6658 6137
6661 5140
6662 5155
6663 6139
6664 6140
6665 5156
6669 5211
6670 3931
6671 5226
6672 5215
6674 5227
6675 5228
6678 5229
6682 6104
6689 5191
6692 3952
6700 3957
6722 6170
6723 5252
6725 5253
6731 3968
6734 5262
6740 5238
6744 6164
6745 6165
6746 6166
6748 5248
6749 5249
6761 5269
6763 3981
6765 3982
6770 5200
6771 5286
6775 5275
6776 5276
6777 5277
6778 5278
6779 3995
6780 3996
6781 5286
6782 5281
6783 5299
6786 5282
6790 3999
6791 4000
6796 5289
6800 5295
6801 4007
6806 4009
6808 5301
6812 6212
6823 5262
6824 5355
6825 5356
6826 2441
6827 5357
6828 5358
6836 4102
6837 5367
6838 5327
6843 5370
6848 5339
6850 5340
6851 5341
6852 4115
6853 5343
6855 5347
6858 5371
6861 5349
6863 5350
6877 5354
6878 2514
6879 4134
6881 5376
6882 6268
6885 5357
6886 5377
6888 5381
6889 5382
6891 4137
6892 4138
6898 6252
6904 1108
6906 5389
6907 4148
6908 4149
6912 4154
6914 1530
6915 4696
6916 6282
6925 4159
6926 4160
6927 6273
6929 6279
6931 5370
6933 5397
6937 4167
6940 4165
6941 2550
6949 5262
6951 5407
6953 4243
6954 6294
6956 5443
6957 4283
6958 4284
6964 5444
6968 5430
6969 6145
6970 6314
6971 5433
6973 5436
6977 6314
6988 4304
6990 5473
6991 4315
6992 5476
6995 5480
6997 5482
6998 5483
6999 6240
7003 6309
7005 5490
7007 5485
7011 6322
7019 5492
7021 4314
7028 4318
7029 4332
7031 5482
7032 6327
7035 6338
7036 6330
7037 5488
7042 5498
7043 4327
7044 4330
7045 4331
7046 5501
7050 4333
7051 5497
7053 5505
7059 5509
7060 5510
7063 6364
7065 5539
7069 6365
7070 2776
7073 5580
7076 5523
7077 5580
7088 5543
7089 5544
7092 5535
7093 5536
7096 5464
7100 5549
7106 5554
7107 4338
7124 5582
7132 4421
7137 5591
7138 5563
7159 6410
7164 5594
7167 5429
7169 4457
7170 5595
7171 4457
7172 5598
7177 5661
7182 3786
7185 5607
7188 4484
7191 6985
7194 5613
7195 5611
7196 5612
7199 6424
7203 5614
7212 5669
7213 5668
7219 5646
7221 5621
7224 160
7225 4547
7226 2946
7232 5651
7241 5635
7245 5660
7247 5636
7249 5636
7253 5640
7254 5641
7266 5672
7267 4583
7277 5658
7278 5659
7279 4632
7284 5663
7293 5673
7294 5695
7295 5696
7296 6450
7297 6455
7300 4643
7301 4644
7302 5684
7303 6419
7306 5687
7307 5688
7313 5693
7322 4062
7326 6459
7329 5703
7330 5705
7331 5706
7333 5701
7334 5702
7340 6508
7347 5759
7352 5781
7353 4723
7355 4724
7356 4727
7357 4507
7358 5785
7363 4730
7364 5764
7365 5955
7367 5728
7375 5740
7376 5766
7378 5743
7379 5769
7381 5768
7384 5869
7385 5796
7387 5770
7392 5749
7395 5771
7397 5775
7398 5776
7404 112
7418 5789
7420 5809
7421 5730
7423 5793
7425 5767
7426 5768
7429 5793
7431 5794
7433 6514
7450 5806
7451 5807
7454 5808
7455 5811
7456 5810
7457 5795
7460 5797
7461 5798
7463 5800
7466 5692
7468 5802
7469 5803
7481 6517
7482 6177
7483 5817
7484 5818
7485 5819
7486 5820
7489 5823
7492 5828
7517 142
7520 805
7523 6531
7542 5843
7544 5846
7549 5855
7551 5884
7552 5918
7555 4881
7557 5854
7560 5860
7561 5861
7562 5862
7566 6571
7583 6580
7585 5907
7591 5915
7592 5917
7595 5889
7598 6556
7617 6900
7618 5909
7619 6589
7620 6590
7621 5934
7622 5944
7623 5945
7625 5936
7627 5938
7628 5939
7629 5940
7635 5921
7636 5922
7638 5001
7639 5002
7655 5944
7656 5945
7658 5946
7665 6909
7670 6596
7675 5952
7684 5997
7688 5970
7691 3253
7697 4911
7699 6006
7701 6007
7703 6012
7704 6013
7706 6014
7707 5971
7708 5972
7709 5981
7723 5997
7738 5999
7739 6000
7741 6620
7743 6622
7744 6068
7745 6015
7758 4999
7762 6026
7763 6027
7764 6034
7765 6028
7766 6029
7772 6035
7776 5949
7784 6634
7787 2083
7809 6055
7810 6056
7813 6057
7815 6058
7824 6076
7836 6065
7841 6069
7855 6680
7858 2008
7860 6106
7862 6106
7864 5100
7865 6107
7868 6101
7870 5521
7871 6102
7872 6112
7873 6114
7876 6114
7885 6113
7892 6126
7897 6117
7898 6118
7899 6119
7900 6125
7902 5131
7915 4910
7922 4273
7924 6168
7925 6169
7928 6138
7929 6170
7935 5257
7936 6182
7937 3886
7951 3984
7952 6192
7954 6696
7957 6696
7958 6194
7959 6195
7961 6178
7962 5274
7971 5271
7972 5286
7975 6199
7983 6184
7991 6696
7992 6184
7993 6193
7997 5274
7999 6205
8000 6206
8001 5277
8002 5278
8003 6207
8004 5279
8005 5280
8009 5285
8012 5287
8013 5288
8021 5296
8025 5300
8026 5301
8027 5299
8030 6211
8034 6214
8035 5304
8042 6260
8044 6263
8046 6264
8047 6265
8048 6266
8050 5375
8052 6268
8058 6269
8059 5382
8060 6219
8062 6233
8065 5395
8068 6239
8072 6243
8073 6256
8075 6245
8076 6246
8089 1108
8098 5392
8100 6275
8101 5394
8103 6280
8105 6763
8107 6764
8114 5402
8117 4154
8125 6289
8128 5403
8135 6287
8136 6288
8138 6315
8139 6316
8140 6317
8141 6318
8142 6294
8144 6321
8150 6317
8153 6294
8155 6326
8158 6240
8159 6776
8168 5492
8169 5493
8170 6792
8175 6334
8176 6775
8177 5483
8178 5483
8185 6336
8186 6330
8192 5500
8193 4330
8194 5501
8201 5498
8208 6694
8209 5509
8212 4303
8214 5543
8216 6352
8217 6353
8228 5548
8231 6354
8236 5554
8243 6367
8244 6368
8247 6369
8248 6793
8256 6410
8257 6806
8263 6385
8264 6386
8266 6390
8267 5605
8268 5606
8269 6393
8280 6412
8281 4583
8283 6419
8286 6385
8287 6386
8292 6413
8301 6422
8302 5703
8306 6420
8314 6429
8320 5679
8325 6452
8328 5797
8330 4061
8333 5691
8334 5692
8342 6449
8343 6450
8344 6451
8345 6455
8347 4062
8352 5693
8357 6458
8361 6459
8362 6460
8378 6481
8382 6496
8386 6866
8387 6487
8404 5786
8405 6508
8408 6869
8412 548
8414 5795
8415 6499
8419 6867
8430 4657
8431 6517
8435 6520
8436 6521
8437 6522
8443 6876
8448 6524
8449 6525
8451 5824
8467 5900
8468 5901
8469 6862
8479 5884
8481 6569
8489 6556
8506 5623
8511 5898
8512 5899
8513 6580
8516 6582
8518 5917
8527 6908
8529 6909
8537 6591
8538 6592
8542 6913
8548 6915
8550 5946
8567 5999
8573 6609
8575 6017
8578 6625
8579 6626
8586 5580
8590 161
8591 6600
8597 6635
8604 6930
8605 6931
8612 687
8618 103
8621 6636
8623 6642
8638 6942
8642 6653
8662 6674
8669 6663
8670 6678
8674 6686
8675 6687
8678 6113
8679 6688
8683 6114
8685 6683
8690 6122
8691 6123
8697 1108
8708 6696
8711 6718
8712 6719
8716 6721
8717 6722
8718 6196
8721 6705
8724 6727
8728 6198
8733 6716
8740 6965
8744 6964
8745 6735
8746 6202
8747 6203
8748 6204
8749 6205
8750 6206
8751 6738
8752 6207
8755 6208
8759 6210
8764 6719
8765 6964
8769 6735
8770 6203
8771 6204
8772 6213
8773 6214
8778 6214
8780 6215
8786 6272
8789 6219
8793 6278
8794 6763
8795 6758
8802 6283
8803 6284
8806 6286
8815 798
8818 6290
8835 6331
8836 6767
8839 6318
8843 6782
8849 6340
8863 6357
8864 6358
8865 6795
8869 6362
8872 545
8875 6804
8884 6360
8885 6349
8895 6819
8905 6831
8906 6839
8907 6825
8908 6832
8913 6444
8917 6835
8919 6838
8920 6841
8921 6840
8922 6452
8934 6517
8942 6511
8944 6850
8947 6501
8959 6505
8961 5786
8962 6870
8963 6871
8964 6872
8965 6880
8966 6882
8967 6495
8970 6874
8973 6876
8994 6902
8995 6903
8998 6565
9002 6888
9013 6910
9014 6911
9017 6912
9018 6913
9035 161
9036 6600
9037 6619
9049 6933
9060 6036
9064 6942
9065 2008
9071 6946
9080 6955
9081 6957
9094 6966
9095 6967
9096 6980
9097 6981
9098 6982
9100 6724
9101 6984
9106 6985
9113 6985
9123 6741
