11 1
12 10
12 25
15 36
16 26
17 40
18 45
21 44
24 49
25 32
26 54
32 61
34 65
36 60
38 68
42 79
46 87
56 111
56 117
63 135
64 141
65 143
66 148
67 147
69 150
73 158
74 160
77 168
78 176
79 171
85 204
86 206
89 207
91 212
98 235
99 236
100 234
101 11
102 243
103 14
105 248
106 253
107 249
108 24
109 20
110 254
111 29
112 259
113 31
113 261
114 262
114 263
114 264
115 269
116 272
117 41
117 274
118 271
119 278
120 280
122 44
123 279
124 281
125 281
126 283
127 286
128 293
128 313
129 57
130 294
133 56
134 301
135 302
135 308
135 316
135 320
136 62
137 66
138 110
139 71
139 81
140 73
141 83
142 76
143 82
144 304
144 307
144 324
146 90
148 93
149 327
150 96
151 102
152 99
153 116
155 332
156 319
157 333
158 94
159 122
159 123
161 120
162 124
163 126
164 127
165 128
166 130
167 337
169 341
170 131
171 345
172 344
173 126
175 346
176 352
177 142
178 154
180 161
182 349
183 170
185 186
185 189
186 149
186 175
186 192
187 191
188 196
190 214
191 213
196 216
197 219
202 360
210 352
212 221
217 222
218 223
220 362
222 364
223 362
224 365
224 367
225 366
227 368
228 370
228 372
229 371
230 367
230 373
230 378
231 374
233 375
234 377
235 379
237 258
238 384
239 385
240 273
241 386
242 387
243 389
244 462
245 392
246 465
247 468
248 397
249 290
250 400
251 303
252 472
253 401
254 309
255 311
256 312
257 403
258 404
259 405
262 486
265 321
266 326
267 328
268 416
269 347
270 348
273 427
275 424
276 426
277 429
279 351
280 433
281 434
282 435
283 353
284 436
285 539
286 442
305 447
305 478
305 495
306 449
307 446
308 451
309 452
311 457
312 558
313 459
314 460
315 461
316 562
319 467
321 574
322 576
323 469
324 463
324 470
325 470
326 479
327 473
328 477
329 482
330 484
331 485
334 591
335 490
336 489
339 491
340 476
341 498
342 497
342 500
343 417
343 501
344 502
345 505
346 507
347 506
348 508
349 509
350 506
350 510
351 511
352 421
353 512
354 513
355 422
356 517
357 514
357 519
359 518
360 516
362 519
364 522
365 521
366 520
368 525
369 512
370 526
371 528
373 529
376 531
377 535
378 532
379 534
380 538
381 536
382 537
383 538
384 541
385 540
386 444
388 504
389 542
390 543
390 545
392 545
396 549
397 548
405 551
406 628
408 560
409 646
410 561
411 652
412 564
413 655
414 563
415 565
416 660
418 570
419 669
420 568
420 571
421 572
422 575
423 678
424 682
425 577
426 581
427 582
428 584
430 592
431 708
432 707
433 713
434 600
436 716
437 714
438 716
439 717
440 607
441 720
442 724
443 610
443 729
446 740
447 612
447 614
449 542
469 621
470 623
471 624
472 626
477 635
480 643
482 644
484 647
485 648
487 651
489 661
491 663
494 665
495 670
498 673
499 674
500 675
502 685
504 690
505 691
506 692
507 692
508 694
512 697
514 700
517 701
518 702
526 709
529 710
531 712
538 722
539 715
544 723
544 726
545 728
