5 2
15 89
16 85
24 8
26 1
32 16
37 18
43 35
45 38
48 34
50 39
51 40
53 41
55 44
56 47
57 45
58 48
59 49
60 50
61 52
63 60
64 56
65 57
67 159
69 67
70 66
71 70
73 74
74 79
84 86
85 84
88 88
89 90
97 220
99 91
100 221
101 92
102 93
103 223
105 95
106 224
107 96
110 104
111 105
114 109
115 227
116 111
117 112
122 106
123 122
124 124
125 123
132 127
134 139
135 126
136 118
137 125
140 131
141 119
143 133
145 242
146 140
148 141
149 142
150 146
151 144
152 145
156 147
157 148
158 150
160 151
161 155
162 152
163 154
166 53
169 157
170 156
174 168
175 272
177 175
180 173
181 169
182 170
183 174
184 176
186 177
187 171
188 179
189 181
190 180
191 182
192 183
193 185
194 189
195 315
196 192
197 199
198 325
199 202
200 204
203 200
204 80
205 205
206 212
222 214
227 217
231 339
233 117
234 225
235 110
236 229
240 243
242 245
247 249
248 254
249 252
250 382
251 256
252 262
253 261
254 253
255 266
256 265
257 264
258 267
259 260
260 263
261 270
263 277
264 280
265 278
266 281
267 279
268 283
272 285
274 289
276 288
277 295
278 294
279 300
281 301
282 307
283 303
284 304
285 308
288 310
289 314
290 306
291 316
292 321
294 324
295 328
300 327
312 425
313 332
316 427
317 333
320 428
328 335
329 336
330 337
331 340
333 344
334 345
335 361
336 353
337 355
339 359
340 358
343 366
344 379
345 365
350 368
351 370
352 363
353 373
355 374
356 376
357 377
358 380
359 255
360 383
362 466
363 474
364 389
365 391
366 395
369 404
370 406
373 410
374 413
376 492
377 417
405 431
407 429
408 432
409 433
413 505
414 511
417 434
419 514
424 517
425 518
426 435
427 445
429 522
430 439
432 444
434 440
436 525
437 447
438 448
440 529
447 450
452 436
461 463
463 554
464 555
465 465
466 557
467 565
468 468
469 573
470 471
472 472
473 579
474 473
475 581
476 476
477 591
478 600
479 598
480 477
481 481
482 392
483 607
484 483
485 484
486 616
487 485
488 632
489 641
490 488
491 409
492 490
493 645
494 491
495 650
496 649
499 496
501 495
502 664
561 501
564 503
569 534
570 533
571 524
574 523
583 542
588 558
591 559
593 567
597 583
598 586
599 592
600 593
601 596
603 602
605 604
608 606
611 614
621 618
622 628
629 620
634 643
637 627
640 648
643 647
650 656
651 654
653 655
656 652
657 661
659 659
