12.8539 24.306 13.7309 36.7441
13.2849 37.4674 86.9363 55.3728
13.4148 8.1349 12.9859 20.663
14.1128 78.1837 14.931 64.408
15.1838 64.3887 14.7565 50.6132
15.6261 23.1273 22.6958 19.7315
19.3829 78.0737 27.0854 79.2659
19.4982 50.1499 35.6351 54.3359
23.9903 19.3485 24.7665 8.0659
34.4025 49.2692 16.4868 44.6214
39.389 55.5677 72.9717 63.7539
47.8188 69.8259 50.6917 71.7768
47.9992 51.7129 36.755 50.4127
48.0932 0.6582 53.2226 5.5768
48.3152 52.0765 49.6002 50.8636
48.4443 74.1366 25.865 77.3248
49.7454 78.5429 54.4071 74.4112
59.6242 7.3763 63.5192 2.1699
60.7669 18.5811 45.6724 23.2775
68.0623 0.3968 66.9343 6.8853
70.8484 66.8611 54.2374 69.8639
73.6021 9.5402 76.2111 21.7498
74.2878 58.4836 50.4287 52.6822
74.4021 23.1228 75.7043 39.4683
77.7682 5.3315 100.4982 0.076385
78.0827 59.372 76.6682 79.2714
79.2086 22.5508 112.5327 12.8947
84.6082 44.7601 14.0109 25.7252
87.6099 52.2185 82.8012 45.0074
113.6941 14.3764 113.9538 141.8784
124.8225 23.8333 151.1271 17.822
129.6168 35.2516 126.7458 23.7816
133.7656 44.2922 131.8177 29.2208
135.4376 28.2066 138.5806 35.4266
136.2644 34.3249 137.1559 45.7009
136.9591 25.7602 142.604 32.5159
145.3657 39.4352 146.2784 24.4147
152.9182 18.0375 151.7162 38.0403
188.5852 56.4393 304.3755 30.6274
205.5578 42.8291 243.3795 34.2468
220.5526 6.1416 216.6999 -0.044456
248.3821 32.987 293.2931 22.6021
287.3938 15.6068 286.8658 0.5814
295.7235 20.2234 303.3763 22.101
299.0752 29.5622 298.4261 24.1877
301.7579 19.7178 372.8285 43.993
304.1016 14.4737 196.7201 39.9725
304.5311 53.1186 305.615 79.3754
305.5842 30.7469 382.0509 56.3496
306.3961 23.0038 307.4146 29.4866
311.1347 30.5782 310.5554 24.2667
334.5529 37.5908 314.3006 30.8485
360.6367 46.8453 345.1028 40.6937
361.8014 0.59922 362.515 33.1658
372.6771 47.8106 378.2053 50.4573
374.5516 0.51655 376.0746 38.1068
375.7534 40.2629 303.8018 14.7409
378.0174 40.9111 392.8058 46.4736
389.5091 43.1193 387.6949 0.59003
391.8708 0.57049 393.7885 44.4007
393.2398 46.0502 411.9749 48.6572
396.9729 49.3203 398.2424 80.6202
408.3296 0.15186 437.1037 12.5961
412.1358 49.8526 427.1163 54.9102
424.2747 61.0036 410.4979 57.355
427.748 12.8264 399.0467 1.4535
428.3639 12.0749 429.8383 19.5306
431.5608 59.3975 428.5095 16.758
438.9123 0.54867 439.3402 11.97
441.3729 48.0523 444.0102 120.5473
442.4013 17.4327 601.4349 81.102
459.2311 53.4988 440.3857 46.2469
464.561 63.7988 459.1154 50.2276
466.9951 58.1181 469.0907 94.3914
529.5075 79.0145 467.8574 56.3531
592.7758 76.5247 631.5825 37.8316
630.6449 68.337 638.312 67.6178
631.748 43.3501 638.6295 47.2303
631.791 34.5135 638.5772 38.6294
636.3261 50.0909 604.1281 81.6228
12.9767 90.6315 12.7099 135.6299
20.8225 139.3704 21.1161 151.922
24.3764 88.2755 14.3772 88.3655
25.6106 154.3308 34.6265 151.3984
27.4075 85.5562 28.0038 111.8494
30.3527 114.1503 50.586 110.414
32.8691 93.1805 30.9433 84.3059
44.6501 98.8217 33.6368 93.3457
47.9135 83.097 47.4815 105.6127
51.8167 109.375 51.8398 79.374
52.9368 154.5703 60.574 161.9279
60.5994 159.9791 75.6253 159.3826
70.9769 149.9862 55.8101 152.8541
73.532 155.8205 71.4791 146.9668
74.036 80.833 83.1644 82.9555
74.3211 89.4262 68.8585 83.6779
75.8545 146.7841 78.5031 153.4704
80.3876 156.8933 112.1442 150.7712
81.1175 83.5952 77.0867 93.9717
114.1076 141.6717 78.3773 148.246
114.2166 151.8757 114.6419 253.1344
127.0473 129.0762 150.9196 124.7514
133.2689 143.0462 125.7489 129.3072
134.2749 143.0692 131.0239 148.9005
142.0667 130.6235 142.2014 148.1321
146.5315 130.5755 147.0154 139.4356
153.2046 153.5364 129.3793 158.1474
153.5158 125.6224 153.6483 145.6298
189.645 103.1198 188.7446 56.8386
201.9202 103.2985 208.0784 101.6959
215.7446 111.4674 191.8517 104.4545
223.9249 119.6974 217.2393 110.3641
238.655 157.9245 240.7793 163.5395
243.1792 156.7815 248.5483 159.895
247.8403 144.3521 249.3439 125.6225
250.773 152.7747 288.2863 146.6055
256.9097 123.3803 271.804 121.3536
269.4999 125.0672 253.107 128.0251
274.2713 90.8458 283.3643 95.1153
274.7378 124.3646 274.8421 140.622
284.1429 95.146 293.2008 97.8733
284.4373 91.7035 275.5036 88.4593
288.4227 141.1797 199.4139 155.8608
290.488 155.633 290.4304 145.6189
290.961 145.6795 288.5708 105.5984
293.1239 104.3445 293.7365 129.3906
293.3767 148.1107 291.797 258.1059
293.6458 97.7837 302.4791 104.8722
293.8508 85.62 293.7674 94.3811
298.1671 129.3749 298.083 104.3751
298.3849 96.9228 297.8369 85.5785
300.8147 108.4256 309.3291 103.0523
301.5167 153.1454 301.6602 146.8701
305.3043 143.3258 311.79 144.7595
305.5114 81.0279 437.221 118.1471
305.7527 132.2573 300.4986 131.4841
306.8042 154.7145 385.7697 171.1809
306.9209 109.2075 320.3472 112.8884
308.1208 138.6929 295.6263 138.72
310.4654 104.3702 334.4621 107.4453
310.5406 133.5469 306.6945 132.7778
311.9764 145.154 378.1203 159.3968
312.3872 132.9495 311.1274 138.2445
321.4922 121.8991 322.6001 139.4868
321.9034 102.959 299.4203 99.1103
335.5596 157.1422 344.3925 159.3036
335.5918 108.703 354.381 109.0443
335.6624 157.9352 315.6996 153.9969
366.3371 118.128 366.4001 129.3707
377.2166 109.3093 378.7419 117.2373
378.0172 118.0871 378.9312 145.6397
379.2516 154.9176 306.5333 138.3773
381.55 155.6949 400.3887 160.3345
384.5338 107.0778 364.3648 109.2821
385.3292 151.8938 383.8136 128.0812
385.3678 131.6857 391.8433 133.2556
390.5527 109.6327 384.4338 107.9154
392.0668 130.6149 391.1386 113.0319
394.5878 156.2002 384.4167 152.9928
395.1615 135.2903 397.3679 156.9521
395.4313 108.1293 396.0116 134.3941
396.9153 81.7765 415.1667 89.245
401.3062 154.3934 399.9689 113.1058
403.0781 112.0315 397.8026 110.4508
408.2748 134.0974 413.192 136.7509
413.0854 143.3873 422.0094 144.7352
414.9404 88.9012 439.3629 96.9119
417.8057 130.6624 419.1383 142.049
419.1003 152.1129 424.8706 158.7781
429.3683 119.3997 403.3312 112.362
431.7055 84.5927 427.9741 60.2647
432.1768 91.4782 430.2234 83.8385
433.2938 136.2781 423.9816 120.8626
434.2079 124.4861 430.7537 119.2894
444.7171 121.9404 464.5102 127.657
444.9818 145.5574 447.5298 215.6012
461.3818 151.6795 467.9492 154.7509
461.5453 95.1711 468.2061 97.9293
462.2016 159.1552 468.5874 156.987
463.0493 127.0077 461.4915 96.766
465.4429 94.3838 463.9914 64.3936
467.4112 96.5362 499.3098 107.0723
468.5622 151.6631 445.5075 144.7677
470.9793 154.3609 472.3248 188.2065
500.5301 137.1918 531.9549 146.6083
500.5413 159.673 471.6153 151.5499
500.8635 110.5501 502.131 135.7379
501.808 157.1378 590.5269 179.76
529.1679 116.3184 565.5335 127.1813
529.588 84.2523 525.7208 77.54
529.6301 145.7646 527.8245 116.7382
530.8887 114.417 529.6102 84.4183
532.8277 81.8255 534.5225 114.4323
560.2417 97.9221 582.9077 106.2188
561.6603 129.2775 564.0486 154.6411
562.9705 154.8695 589.3756 163.1231
566.6935 126.1364 578.2612 130.2413
579.4347 107.9507 560.7367 101.5489
582.9116 157.0174 580.8165 135.4847
583.267 108.0258 584.8749 130.5894
588.6239 106.774 583.1268 99.658
589.3597 145.6761 607.9358 151.255
590.2376 135.6466 590.7269 144.4389
599.0134 104.1101 534.0487 80.2639
599.678 86.0934 440.608 24.4188
603.0392 89.2807 604.17 103.2428
604.1114 104.0267 589.1072 106.5012
606.4216 151.83 608.2683 184.5082
606.9317 85.4924 625.4956 93.4277
628.1252 120.3906 638.1255 120.3885
628.2745 139.3794 628.1992 120.6197
632.3701 84.5022 629.9791 70.3126
636.1485 154.3201 632.9796 124.1279
638.2567 101.562 605.282 87.6904
0.38027 224.6133 9.5003 226.113
7.1534 215.6371 8.8519 0.61099
10.9198 211.8139 12.7617 220.7003
11.708 224.7759 86.9498 232.3849
12.5491 184.395 13.2897 159.3799
15.6078 235.7905 73.1367 241.7619
26.7291 183.0221 27.4438 190.6885
26.7966 160.2172 35.7021 161.0466
30.6236 198.1731 38.1171 198.3937
32.7502 195.7566 32.2829 185.5491
42.0599 218.3748 11.487 212.724
49.4412 200.2277 59.5764 201.9164
54.4091 235.1273 35.6615 233.8425
60.6508 196.6048 44.3109 195.0472
75.2541 173.1356 74.7569 214.3796
76.9357 237.6517 56.7861 235.0686
85.6599 221.5411 42.9734 217.0742
127.0807 237.4453 152.0444 234.6242
154.1988 235.6264 154.364 255.6354
189.736 172.9692 290.5207 157.4478
191.2852 220.5961 190.5666 173.0881
204.3343 160.3796 245.8929 153.491
213.2328 220.7753 194.3063 222.2319
223.9424 235.7664 220.1381 224.1256
251.7435 160.7425 251.1975 154.3263
307.5111 161.8524 308.9752 203.1392
311.7203 206.5703 365.6624 215.3968
365.7419 216.0083 384.3225 218.514
368.0359 225.6182 368.2773 266.8814
370.6602 165.4692 358.2289 162.6646
373.4318 232.3551 381.0257 227.5019
375.3854 163.4387 382.0534 164.4603
381.1623 222.718 375.0182 226.6342
385.3359 219.3835 386.8445 270.5891
397.1148 223.1917 386.536 221.0474
401.7811 197.3533 443.1544 205.475
403.125 231.875 403.125 250.625
404.1673 162.7909 436.9646 170.2299
404.3923 173.0426 426.9453 177.791
410.6945 190.6761 411.1815 178.0981
412.1303 166.8655 412.0823 171.877
424.2742 172.1385 433.0602 171.2405
424.3987 170.5371 415.6127 168.1705
426.1987 180.5388 424.5717 193.3093
428.2021 197.6994 401.9085 192.9397
432.9683 163.7529 402.9652 156.2652
435.1524 174.3808 435.3222 188.1287
438.0673 229.7361 401.7457 223.9347
440.8629 202.2866 428.3098 198.724
448.1601 221.6854 469.3771 225.6136
450.5448 217.2478 465.9091 220.5548
466.7231 219.457 464.8153 186.8492
468.7437 186.9079 467.374 160.6642
469.5255 192.3419 504.2059 199.0052
504.5285 196.8638 502.0701 163.02
505.5042 231.2807 535.6331 236.831
505.6414 164.3589 500.0682 158.6705
506.7953 218.4957 524.2933 222.2555
507.1135 203.2277 528.2305 207.6174
511.6285 178.7094 519.0382 175.9656
520.7318 176.9014 522.3307 170.4288
525.521 205.8322 528.0191 207.086
528.0347 202.308 506.6714 197.8506
528.122 169.4774 530.8778 203.2065
528.3246 167.2923 505.3469 161.7853
533.2297 206.4039 564.3323 213.3171
535.7309 233.8514 505.4526 227.7276
537.9909 203.1289 537.0433 170.6201
540.4811 170.0826 531.5904 168.2748
541.5216 171.8147 543.6325 203.175
547.0154 203.1766 545.7346 175.6199
550.1717 175.5172 551.7112 186.8972
550.3822 189.2521 552.241 204.4829
555.0319 183.1796 554.2227 174.389
555.9767 205.609 555.0068 184.3462
561.1321 181.896 561.7694 204.4134
564.3297 214.5854 585.6666 219.182
566.7218 208.1318 565.3949 178.08
574.3146 212.0406 566.8899 209.3341
575.5409 233.6948 588.1355 235.5539
581.8017 198.1369 579.7567 185.5629
586.1199 184.2351 588.5424 214.4418
589.3411 214.3856 598.1852 223.0636
593.9483 220.4504 595.4321 227.4462
594.2627 228.6717 611.7933 232.2727
595.769 195.5861 597.8278 203.2053
608.2451 185.9742 584.4188 182.7968
610.842 234.2858 612.7532 265.7236
629.4745 161.4283 638.2448 160.3424
633.1694 189.2433 638.4161 191.0105
633.2322 219.367 632.2944 206.8436
636.541 204.8804 632.2282 191.3635
638.0834 225.6264 637.3886 205.6072
638.1934 163.4804 630.4973 164.961
10.2359 264.2606 11.2369 271.7937
11.7489 274.8705 25.9382 272.4985
12.1907 249.478 13.0972 235.7054
26.9617 274.3733 26.9187 304.3769
29.2491 306.7479 50.5497 304.8008
30.7038 275.1936 47.0431 273.6204
31.7221 299.3753 31.671 275.6227
35.6282 249.115 25.6298 248.9908
46.781 299.6547 34.2773 300.8657
47.2979 275.6223 47.4434 298.1294
50.6211 245.6017 36.8428 247.9349
50.7411 269.6313 70.5272 268.1062
52.0027 303.1454 51.3874 269.3384
65.6599 259.6754 11.9101 265.9265
69.3836 244.5071 59.3448 245.1639
72.5532 267.4138 65.8704 260.3216
73.2592 259.4493 80.6627 260.2946
74.3031 279.3741 73.594 335.6309
75.323 244.321 76.1192 258.3103
83.865 260.2369 79.0199 266.6048
84.1392 266.3606 113.3694 262.4536
114.1755 253.8326 79.4664 257.6964
114.7278 264.3739 115.0491 365.6308
134.7921 257.9923 127.8466 236.168
142.8209 241.8548 143.1156 255.6252
147.9777 254.3866 146.6928 238.0411
154.37 264.3211 129.355 266.661
190.7794 291.1106 289.3058 282.3468
205.575 278.8767 248.1484 274.608
251.9756 274.1897 284.4222 271.1243
284.51 265.7169 196.8907 274.5311
287.5828 280.6033 288.9828 245.6093
291.5208 269.3541 290.2817 364.3705
297.3248 260.628 298.0017 158.1159
299.1767 290.6317 298.8787 281.8494
299.3416 270.6281 300.0335 278.1792
299.3693 280.7388 328.1722 282.1823
304.3513 268.3508 381.9146 276.4978
304.3863 279.5601 303.0255 270.4531
309.7266 285.6121 311.4207 331.8459
312.1103 271.8111 311.6247 279.5168
316.046 276.95 316.2749 271.8481
319.3198 276.3073 333.0809 277.4199
325.5291 244.3761 325.7384 261.8737
329.3017 282.6781 388.1319 288.0498
343.1812 281.303 318.1769 278.8463
349.5637 283.1566 349.3383 275.5889
374.4072 283.9812 351.8535 282.1386
381.4274 278.7339 380.0165 285.2208
381.825 271.1035 296.9692 262.2247
386.9315 272.7195 401.9875 274.8177
399.3177 245.6268 398.7126 226.8561
404.0366 263.1359 405.5241 309.4585
404.5793 310.2953 409.871 313.5746
410.5368 313.02 448.1985 315.92
443.589 314.4497 440.6042 233.0799
448.3493 244.3188 451.2545 320.601
464.7789 247.26 447.9491 244.0463
471.8303 291.1352 506.8896 294.2078
472.0097 252.9918 465.1683 246.0769
474.3235 246.8776 476.4645 289.3327
508.8822 295.7031 510.115 323.2039
533.1246 256.8775 475.3847 248.5391
536.6108 259.6433 532.8317 255.923
539.5989 256.8081 541.9634 264.722
540.545 297.644 569.2448 300.6278
540.9915 264.2979 542.4875 295.6554
566.879 241.8527 593.1748 246.5991
570.4855 299.3795 571.363 326.8514
589.6128 265.2561 541.6782 258.2152
593.3047 243.414 566.8126 238.4583
595.6126 298.1325 601.7339 308.2107
598.0044 312.7073 616.7236 315.4196
613.1282 266.7596 594.3724 266.716
615.3889 316.7434 617.2927 349.496
636.5422 275.5583 635.8124 265.5205
1.8723 384.0793 4.2495 394.1085
4.3449 399.1029 12.0275 398.2529
5.4276 398.1316 5.4824 389.3741
5.6761 379.3718 6.0701 230.6262
7.9449 382.0181 14.0171 389.6594
20.5638 389.2767 48.1188 390.7415
29.1589 399.5355 23.3462 391.7107
46.9563 387.1553 15.5082 384.5183
60.7606 390.0169 49.5122 387.5096
74.1505 354.3695 73.1367 395.5945
78.6486 399.3908 78.021 370.6
81.7013 370.7826 95.4999 368.5883
96.8713 369.2681 110.605 368.7947
116.3322 365.7046 115.1233 414.4246
126.9618 347.7539 153.2191 346.6832
134.8364 370.8318 129.0041 347.2879
143.207 369.4412 136.8145 368.9983
143.7572 353.123 143.7131 366.8769
148.844 366.8367 147.9779 350.5663
154.3616 376.5962 129.3592 377.7945
154.6828 348.1186 155.2291 374.3572
178.0659 341.8277 201.8924 342.402
178.1248 341.8752 180.6252 344.3748
180.3511 362.1225 178.6519 343.078
181.6841 362.6352 178.8807 370.8819
181.9177 353.9718 249.3722 350.5701
187.6494 349.5981 182.0583 345.3819
191.0036 384.8554 197.5211 388.0618
192.3634 335.5874 191.3897 290.5814
192.4556 375.2779 183.0125 368.2767
198.1231 378.7718 201.9995 371.2917
201.8827 342.0125 280.7346 337.5716
203.1348 394.8248 194.3618 395.0151
204.4381 347.1393 195.5644 346.5711
206.3752 398.3123 211.1352 401.6729
206.4834 389.3021 205.2755 395.7926
209.5654 394.7761 216.6032 391.4361
210.4512 373.5002 225.661 380.5473
210.8752 344.1296 215.2135 348.5525
212.3153 387.3331 207.9827 391.7635
218.0549 399.8691 230.6559 401.6573
224.6769 392.4456 218.2439 395.8497
227.2267 360.7241 229.0427 377.1874
228.2185 345.6961 215.4287 346.6011
229.5452 394.4238 224.2963 393.6804
229.5773 376.4491 236.2471 399.1926
230.0585 355.5274 228.8038 362.8113
237.2178 357.4098 231.6903 354.7602
238.3091 363.1593 236.9161 370.6327
239.9957 356.8347 240.7289 368.1183
244.4624 344.993 231.8155 344.4059
247.3097 389.0975 251.6655 356.6789
247.9119 398.1717 248.1977 391.822
248.1373 355.1972 240.6194 355.1421
251.875 350.6249 259.4182 350.2535
259.3251 349.5685 270.6912 349.9615
259.6321 383.5352 254.56 389.5315
260.8178 385.3977 267.6462 391.1895
262.897 399.5858 275.4806 401.55
270.7062 343.625 263.0255 342.7934
273.4236 364.0339 269.5346 374.8804
273.9989 350.4604 272.9051 344.6518
274.386 344.3559 283.1353 344.2773
276.3441 359.1603 280.0389 393.0526
277.9881 394.1836 272.0793 398.4105
278.1497 354.1438 288.169 355.2125
279.5855 346.4346 274.3351 358.8286
280.1046 360.319 283.9731 369.5435
284.4348 331.6003 194.3137 337.1255
286.4174 389.702 281.905 400.6374
287.3784 385.6276 287.3568 379.369
288.3995 380.7703 285.9773 364.5087
291.875 369.375 291.875 371.875
291.875 374.375 291.875 380.625
292.5927 381.9191 291.4346 400.7516
298.7433 354.3633 300.7935 463.1218
302.2519 359.3514 300.4521 330.5577
314.3378 333.5812 325.716 334.5084
326.8802 334.1675 363.1387 335.0855
329.5445 390.6251 329.5561 375.6252
334.4055 379.3749 334.2725 349.3755
337.8072 340.6132 338.4554 391.8866
339.2922 393.0058 328.0832 393.6837
378.1262 391.3331 389.3761 391.3578
388.2431 339.9019 395.7471 341.1274
392.9595 390.7491 394.9685 373.1929
395.5772 373.1552 394.9077 344.3626
396.4464 335.8853 399.1205 340.2886
398.5259 343.1117 400.1512 391.9324
399.4966 392.2166 394.4202 391.5373
401.8727 341.4703 444.3758 341.5848
404.3587 391.2347 434.3711 390.47
433.18 338.3457 400.5728 336.6021
437.8218 390.3988 450.5948 392.1018
451.8195 390.7471 469.4 389.8825
451.929 393.0851 457.7208 400.9237
453.1597 322.6306 473.1489 324.0347
468.1489 347.1083 400.5981 345.5227
470.201 323.1564 468.8633 251.8143
472.9527 389.3787 472.1117 350.5657
474.8378 348.9988 468.7269 347.2598
477.1593 345.6126 478.9056 385.6999
480.6262 388.4211 510.6257 388.2959
508.0373 325.3976 539.4849 328.0941
511.8741 388.7977 538.1257 388.8319
515.6268 391.7249 473.1332 391.2034
536.8859 348.9493 478.0784 347.4446
537.8591 326.9243 535.6984 260.5412
540.6756 350.5377 536.2418 347.9674
540.7328 389.3718 539.6146 351.7935
543.9104 348.0238 545.9688 389.4201
546.8723 390.4994 539.3489 390.6614
548.1229 388.5999 566.8781 388.6818
570.5962 328.4443 596.9697 330.8262
573.122 387.546 595.6271 387.6463
593.1956 351.0008 544.3334 349.377
595.3085 329.4733 591.5341 269.318
596.9265 386.918 595.7567 354.3254
601.8687 390.2641 573.1275 390.7673
611.8485 384.2381 631.5924 380.4153
616.8957 350.1356 601.817 349.4989
629.1985 378.6604 638.2057 381.6302
0.52024 444.377 0.86024 461.8947
4.3748 463.1402 3.9198 425.6154
7.6379 431.877 7.7635 461.8817
11.3846 463.1308 11.013 431.8704
14.2559 430.6265 14.6583 461.8875
17.6323 461.8767 17.5035 425.6228
18.1162 477.8578 49.4146 476.8311
21.2175 425.6249 21.2244 460.6251
25.0446 461.8824 24.5628 424.3726
25.6064 404.7347 14.3351 404.9708
27.6056 424.3483 28.9343 460.6411
31.4418 460.628 31.1877 424.3711
34.7482 424.3711 35.1313 460.6302
38.1859 460.6247 37.9872 424.3758
41.2525 426.8711 41.455 459.3776
44.9954 459.3855 44.3923 423.1247
46.0025 410.4576 49.3988 418.1145
47.7211 423.1117 48.2926 459.3723
49.386 473.4088 31.8638 474.0854
52.1591 460.6649 51.4603 421.86
54.3597 421.8793 57.5592 433.2837
55.5706 444.3569 55.7789 458.1416
57.9488 408.8571 62.8112 407.2028
59.3554 413.3747 68.1494 414.0641
62.6779 438.1365 62.2921 423.1143
63.1209 403.6647 26.8793 403.8748
63.641 460.7957 60.9659 449.2957
66.1609 423.0935 66.8005 459.3763
70.4626 458.1288 69.6473 423.1187
70.5466 475.323 111.8806 473.2358
71.8954 402.7284 61.7934 402.2079
72.9467 426.8798 73.7942 458.1407
76.4769 458.1305 75.974 421.8701
79.2095 423.1277 79.7755 458.1387
84.5116 459.3907 83.9449 419.3457
85.6486 402.7848 70.5614 403.1764
90.7326 415.832 89.0388 406.483
91.412 406.3595 86.1422 403.0376
100.6256 470.2782 83.1256 470.249
114.3682 472.7305 129.3638 472.4726
115.2154 416.8727 115.0268 450.6286
124.7008 459.9712 116.6967 455.9828
140.6663 462.6914 131.7589 461.8421
144.1588 411.2432 153.2214 412.2923
144.3229 455.6315 142.2802 439.3242
146.1582 419.3354 146.9115 429.4652
150.6828 461.7687 145.5695 462.0272
155.5046 433.1335 155.3447 454.3823
155.7049 411.8749 155.7233 426.8749
158.125 428.8888 203.125 428.8877
158.1415 456.4961 280.6266 461.8397
164.498 433.6546 154.3666 431.9241
168.756 471.9807 158.0299 467.0833
178.1767 472.8909 169.8331 471.0494
180.0477 403.1381 179.4521 376.8733
181.3165 402.2421 175.9308 413.2743
184.3226 401.0314 195.7057 402.4992
195.6091 401.0721 205.6299 400.8732
195.622 407.8984 221.8672 407.5463
201.8896 432.5029 169.3783 431.7371
201.9076 415.8646 179.3504 415.1378
209.3983 444.3735 208.7677 434.3346
211.8138 429.2994 279.3908 432.8223
221.8802 409.8721 183.1214 410.2796
224.3554 404.4494 183.1169 405.1362
239.3604 401.0848 260.6032 400.693
244.4229 404.7597 231.892 404.0668
246.8615 478.3317 178.1606 473.8318
254.3745 409.2689 224.3752 409.4203
273.1266 414.8742 208.1272 415.0774
275.6096 435.9026 215.6553 432.5778
283.1358 408.4041 255.6288 409.4729
286.5307 400.0179 293.4685 403.7337
286.713 433.1222 287.0188 415.6057
287.14 404.753 278.0865 402.0015
288.3737 445.6605 288.1051 438.0814
290.0133 457.0439 287.8236 449.1131
290.8963 402.8714 292.6394 421.9194
291.8871 459.3318 291.2301 478.1461
291.9633 423.0927 292.6282 450.637
299.4639 465.8677 326.9409 464.2315
329.3081 473.5425 355.5892 471.43
347.0785 408.0505 345.7202 404.3401
353.4406 472.6497 360.95 477.6356
354.3767 477.0997 333.1279 477.2597
355.2288 421.4223 350.2671 412.0648
355.7196 471.6249 464.325 461.3468
369.3127 400.0434 378.1028 400.863
374.2664 477.2856 358.1522 473.0224
412.0412 405.2841 400.9818 399.893
413.455 415.5313 416.364 425.7702
424.2334 408.2319 418.3574 400.4496
434.6757 412.9337 430.1994 405.8957
449.7845 419.1134 444.3665 410.6305
452.2427 414.2658 450.3348 407.84
459.2572 414.1318 451.7113 417.7872
464.4088 460.9671 478.0257 459.6209
466.8589 406.5925 476.8976 406.0226
470.6455 469.0041 449.3914 467.8284
474.0589 437.9638 479.6526 426.992
478.2675 444.3078 483.291 454.9571
478.6458 462.0209 474.5584 441.5883
479.3922 426.3224 487.7631 411.1138
481.8715 444.2829 493.1527 443.8551
483.6325 427.1515 490.6535 430.5664
488.1149 410.2551 514.3794 409.5364
490.355 459.5439 489.3487 450.489
493.038 444.3999 495.2126 451.9931
493.1949 435.5385 506.4056 446.2063
495.6466 420.5925 502.8637 425.3958
495.6478 477.2424 484.3637 477.9439
496.8178 451.3155 518.2315 453.0898
496.8269 456.3265 523.1247 458.1295
500.6172 473.1579 475.8257 467.2789
501.8951 444.3795 500.7089 449.6739
504.3544 428.5779 544.442 430.403
504.375 443.125 508.125 443.125
505.5209 422.3525 517.9743 425.0666
513.1017 443.8213 546.8975 444.9529
515.6052 409.8448 535.6224 410.6862
519.1964 453.4566 525.9213 452.1488
523.2782 454.2546 526.6617 458.5603
526.8661 452.5889 539.3772 452.6458
526.8716 415.094 501.8647 415.2534
526.8827 458.7583 538.1309 458.8984
534.7655 411.3105 545.8831 419.002
535.6128 468.2469 548.2365 469.5144
536.8503 453.2928 555.7432 456.0715
545.9005 422.1832 561.217 408.4908
547.2361 465.038 539.5385 466.4909
548.0307 444.584 558.2135 449.1789
549.3752 434.3695 493.1127 432.1936
554.2659 436.1954 545.9283 422.1996
554.3912 440.9855 503.1127 440.0538
557.4314 424.5931 560.9037 415.7343
561.1484 442.5779 554.3793 435.58
561.8049 437.7758 570.6982 435.9893
561.8449 408.7461 594.39 407.1875
563.1943 453.2027 562.3703 440.6747
564.3859 472.635 499.4172 473.5669
569.2524 419.9794 572.5939 412.8752
581.8173 412.01 581.4039 419.4872
582.4995 430.8307 580.3978 437.2119
583.183 429.7073 600.8008 426.6323
584.3362 421.4909 623.0941 420.5715
590.6671 430.5778 590.9896 439.4073
591.8655 465.8236 562.8828 464.4364
593.1646 437.9042 626.8901 438.8127
594.5513 457.995 619.4641 461.1776
595.5739 450.1406 616.9788 451.5689
601.8551 427.9494 633.1456 428.2174
604.385 410.8688 583.1196 411.7437
609.5071 406.8531 606.9932 391.6488
614.4053 432.0918 605.5896 431.8336
617.0804 456.7037 595.5573 453.5934
622.4769 437.6245 615.0931 431.2402
623.0337 415.9402 633.2617 418.9033
631.4136 422.3727 635.6688 426.8332
631.5671 426.0181 609.1273 408.4412
633.0593 463.9516 591.7748 465.5727
634.2139 452.5021 629.7043 462.7186
636.4625 430.5986 637.0165 448.16
0 0 0 0
