0.23244 23.7355 31.6831 17.2013
0.53033 61.7041 66.1614 25.3432
0.54669 50.4859 55.6722 19.4588
29.0978 17.3802 50.5503 5.4903
29.2817 22.6952 0.5298 28.9364
48.2283 12.0693 37.3847 17.8338
50.1721 8.0633 49.9427 14.3956
50.9846 16.6059 72.2542 4.1392
56.7185 19.126 65.2435 13.768
64.9744 70.6191 64.1776 158.1232
65.3111 30.0532 0.071788 65.8673
65.9041 13.6428 75.741 8.3402
71.1734 4.33 78.3291 1.0735
72.1425 62.421 91.7288 52.8266
76.3687 35.7118 93.9809 25.9135
76.7426 7.889 89.4515 0.76144
77.2407 51.8688 77.2081 36.8661
83.076 64.5339 101.9585 70.3542
85.907 43.2879 84.5785 55.7796
88.1048 37.7934 83.7659 43.6036
88.2584 37.3335 94.0208 35.6573
90.0761 39.2721 89.0853 44.5551
95.421 53.9472 77.2305 62.6206
95.669 25.5165 94.9798 33.1794
100.4932 72.3586 85.5787 68.2948
104.7049 69.3791 104.6153 49.3683
106.8097 49.2789 114.2654 44.2136
107.1888 56.2962 197.3531 14.1478
109.4801 70.6296 109.9757 59.3465
115.6609 43.2013 191.0344 7.7452
125.6092 78.3428 143.1079 79.6105
140.5492 77.4388 115.4977 74.072
147.6929 8.2534 145.3402 0.3381
175.858 78.7031 195.6636 70.7209
197.8743 14.0509 312.0536 44.9653
198.01 3.7583 206.9201 5.3768
199.2056 70.1247 281.9983 88.8292
199.2441 16.5952 114.1568 56.4086
207.9106 6.4096 305.6286 33.1119
209.2152 15.6401 208.5033 8.0893
252.0721 26.1502 210.4978 14.8426
294.6317 0.53725 295.9503 23.1789
295.6341 38.0913 258.1764 27.9355
296.1102 32.2196 299.7433 39.1828
305.9182 0.57973 306.6897 26.8804
305.9558 28.1934 203.4423 -0.50829
309.3634 46.9177 200.4792 17.4132
310.5865 29.5129 335.3951 36.4474
327.5128 30.6526 326.1583 0.60096
330.3603 0.58927 331.5422 33.1824
331.7863 38.4341 313.1364 33.0853
335.6227 31.8751 334.8528 0.61323
335.8947 36.8647 337.2768 73.1573
336.9458 75.3565 381.1756 87.0258
337.3017 34.0471 382.07 46.1537
338.1133 39.418 384.6535 52.1033
348.0299 44.8654 339.1298 43.1401
371.9997 0.2696 383.1884 4.1941
378.0935 4.5075 362.1506 0.71607
378.2472 52.4517 358.4454 48.859
385.5413 49.6812 339.326 37.0542
386.2162 46.9129 385.8925 30.5949
386.227 29.4747 385.1688 9.3333
387.5129 65.3675 381.2085 52.2442
389.5792 8.7552 378.316 5.0451
390.522 49.3756 390.6104 65.6251
393.099 3.0553 639.3038 81.9463
400.1635 41.8428 401.8519 83.1259
404.2101 39.3827 406.2414 83.1544
407.9717 36.1462 454.5992 49.863
450.6017 51.9544 404.2944 38.4003
452.8738 64.3872 454.3257 94.3774
455.3477 50.4486 466.8022 53.4069
459.4357 58.9468 451.0277 51.5939
461.6922 58.0659 463.8382 96.8355
470.6635 54.2776 474.3347 55.7271
475.5254 55.9618 533.159 73.0101
505.3123 67.9409 463.9545 55.8085
534.3298 73.264 555.3878 80.1052
542.0168 78.8911 502.1434 67.2089
578.9247 70.7627 401.818 13.3008
585.625 70.625 584.375 70.625
585.6735 74.2591 579.4651 71.6598
3.8463 105.605 2.6649 136.9048
4.2362 137.8069 19.586 131.1085
5.8995 107.4757 19.1643 101.4139
6.3779 133.1403 6.8601 109.3747
16.293 127.9191 8.1339 133.139
17.7441 104.3713 17.5237 126.8691
18.2734 98.4469 4.5575 104.7708
19.9733 129.3916 20.8065 99.38
65.2563 158.4082 0.18653 183.2253
73.9811 144.0572 92.3552 136.8491
76.4863 152.5823 72.7758 143.9862
81.2272 152.7311 77.2403 146.6361
87.7185 144.3701 87.5075 161.8826
93.9796 136.8759 94.0324 159.3787
102.5606 121.8478 104.6064 79.326
103.5282 125.6402 98.2867 264.3811
108.2547 109.3738 108.3655 121.8729
109.1157 105.6158 110.0014 80.6029
110.2286 121.9086 108.0123 178.1698
119.2821 112.1565 109.9035 109.0607
136.8327 96.7712 113.4063 106.3154
144.3638 116.9309 118.4038 111.7326
147.7143 130.696 145.0872 115.5019
154.6007 155.0397 192.0305 142.333
155.8651 87.3114 164.6936 82.4542
159.3986 155.4335 168.0182 156.4936
167.682 141.9873 169.4602 129.2129
167.8802 158.6564 157.7756 162.0995
171.6332 127.4201 186.9723 122.1587
185.6776 125.7785 172.2236 130.3917
186.1465 135.6919 187.1331 127.9978
188.109 150.6023 194.6327 145.9894
188.1805 83.7326 281.8785 91.8344
190.2802 124.281 189.611 135.6389
198.3002 154.9313 110.4582 182.5953
199.2282 151.4847 315.7102 171.3761
199.3237 139.6654 308.2087 158.9012
200.0968 154.3655 200.8015 208.1227
201.3203 133.9645 111.7152 163.8968
206.9542 143.0641 207.3025 150.6627
209.6959 126.8965 209.1465 103.1014
210.5239 150.6423 210.6374 143.1252
211.6693 104.1587 258.0719 113.3921
215.7182 129.7469 209.4067 129.0767
217.575 150.6953 216.7484 144.2313
224.3657 133.146 216.2463 129.541
236.9986 151.1445 224.3236 154.1589
241.8416 86.0348 188.1427 81.6584
251.8341 137.0795 225.8715 131.8913
254.4517 159.0101 241.9775 156.3873
255.9485 151.8744 255.961 158.1268
257.3433 114.3588 258.2986 141.9555
266.9774 110.9294 310.4355 96.3117
273.4238 120.6253 273.4025 145.6242
278.1177 89.4509 245.6757 86.3453
280.9961 126.8312 282.6307 140.6833
282.8365 89.4956 329.6435 99.3494
294.5287 106.103 278.3438 111.3055
298.4358 116.8658 299.3622 148.1254
308.7187 103.1098 309.9713 151.8918
308.9796 99.9734 297.8793 115.8278
309.4075 154.1968 201.6142 134.5563
312.804 154.9285 339.3263 159.6486
316.5055 150.6364 315.119 105.6406
329.3243 104.6078 313.964 101.2615
330.0585 153.1299 329.6294 103.1228
330.4805 100.0025 395.4869 114.9747
333.2673 156.2515 315.5489 152.2088
333.6939 103.111 335.0173 156.9207
339.7988 155.6143 338.5973 108.1131
344.2581 157.5495 389.4183 165.3753
348.1548 107.9992 336.3809 105.2134
381.5078 86.8207 394.3338 90.7591
388.4217 86.8469 386.4264 65.7859
389.0738 116.9475 348.7753 107.7696
393.1629 92.9713 339.2957 79.6967
393.7382 86.9002 390.6203 8.1252
404.9308 145.552 406.7525 190.6299
408.0765 119.5869 458.3079 131.0754
408.3728 86.7992 409.9634 118.2218
430.625 146.875 431.875 146.875
433.125 146.875 434.375 146.875
435.625 148.125 436.875 148.125
438.125 148.125 439.375 148.125
440.5296 148.6274 454.4884 151.2774
449.3653 131.9183 414.4354 124.1049
454.1501 96.5249 512.6808 111.1525
455.5309 154.8284 404.1588 144.1667
455.6061 151.9652 635.2999 189.6742
455.6575 129.3733 454.0391 98.0133
460.7456 96.9395 458.5275 58.102
466.8785 158.1248 468.8116 200.5938
483.0405 107.1995 456.9338 100.3993
508.0498 142.1956 552.0196 152.5085
508.31 110.6927 510.2199 140.7302
545.4075 93.136 546.295 110.6544
546.7159 120.0169 594.385 131.8347
548.3619 150.6955 546.3455 121.7378
550.9556 85.1936 541.2188 77.7312
551.6216 119.3908 549.4354 84.3712
552.4616 84.3383 554.7302 120.6028
556.8649 113.2789 579.3507 114.7473
591.4539 102.0605 621.7778 110.9562
591.918 116.9911 591.061 108.0831
592.8334 129.3952 592.0521 118.1127
592.989 133.1582 593.6344 135.8056
594.5657 134.0915 596.9377 156.605
595.998 123.0705 596.9449 129.5475
598.2201 152.3223 600.488 158.1781
598.2736 131.3144 609.4041 134.2652
603.0156 157.5163 612.9205 155.7369
606.9302 119.7592 596.9563 121.1913
610.0667 133.1872 608.7975 121.8
612.04 153.2533 610.2557 138.1687
612.9346 139.1263 597.7698 136.2434
618.9487 135.6555 618.0468 123.0412
619.6802 113.3395 592.817 105.42
620.8856 102.2563 553.9135 82.1635
622.0262 109.4393 622.3909 115.668
622.0742 116.4903 626.4335 132.9104
624.8441 135.2361 629.7502 132.5639
626.7568 107.1219 620.8616 101.7337
626.901 113.2057 627.3047 106.8231
628.2589 139.7084 639.1395 126.4581
628.5618 137.108 626.4509 141.0655
635.5917 117.8395 624.3486 119.1488
638.2548 91.4851 589.1225 75.1336
638.2649 87.6894 588.2095 71.612
638.2817 105.8836 625.5081 103.8642
638.3365 111.4194 628.0662 114.1543
1.4234 193.1217 1.2106 221.8793
1.7712 224.0627 15.6499 219.45
4.3672 219.3747 5.2197 194.3612
4.628 192.5211 16.7392 187.7782
15.2214 215.6803 5.1088 219.097
15.9551 190.5971 15.1963 215.612
17.8445 230.6457 18.8337 184.3902
18.4662 184.0449 63.3217 167.4053
63.9048 168.0987 62.2777 274.362
74.3863 170.6563 91.8694 164.3595
79.269 166.8756 79.2773 151.8749
94.1948 166.3867 75.2558 173.3745
105.4098 233.1614 107.2151 181.843
105.577 236.8739 104.8274 269.3566
106.878 180.6346 199.2502 151.4797
114.3408 235.7643 107.8673 234.1741
121.9299 232.1674 113.2511 233.7966
123.1187 164.2587 130.6644 163.8472
128.3439 228.9381 121.8888 230.6762
130.7876 162.4218 152.3598 156.0048
138.0987 168.0542 148.9253 164.0261
141.9062 239.037 114.4093 236.5026
143.0858 225.4637 129.2418 228.8265
201.8921 209.3555 203.2182 210.5188
204.3017 209.793 212.0033 211.1428
211.7895 230.1147 249.3655 234.4573
213.082 210.9482 287.0207 220.7793
254.2656 163.7513 201.8363 154.5964
259.8517 238.1144 260.7172 276.9008
281.8607 163.1927 258.3706 158.2159
286.6838 220.78 305.4269 223.3306
296.7328 227.4294 315.7118 223.5495
300.2092 233.115 300.7776 280.6381
311.5063 228.5119 306.5013 239.9122
311.7515 238.1281 312.83 280.6007
311.8609 173.2082 256.9521 163.9196
316.6334 226.8508 318.0122 284.3777
334.2378 226.6453 358.0612 229.8494
336.8491 162.0211 314.3899 158.0408
339.3321 200.908 399.4658 210.0265
339.7586 161.8023 341.4308 199.3948
340.6132 230.7134 319.2441 227.8527
341.6884 233.0887 342.2437 249.3624
341.833 162.108 389.3664 170.6727
355.6193 175.6571 380.7169 180.1067
358.1264 168.1175 345.6103 165.7012
360.6811 230.1812 400.5182 235.2197
379.4279 161.5702 341.7617 155.0274
379.7435 193.0322 378.9492 200.5802
380.4514 176.5834 355.3687 172.0404
380.4808 183.1378 381.2638 191.9294
383.5798 186.9493 382.6424 176.9201
388.2258 173.7803 359.2487 168.8705
389.452 167.6815 341.8675 159.4185
390.6398 205.5263 343.0862 198.3835
390.8808 164.4543 389.1995 116.8812
392.555 204.4099 390.7893 175.5385
395.6574 237.8718 340.758 230.837
396.9737 212.4635 343.1165 204.4318
398.3176 205.6679 394.8122 119.3572
400.9171 236.7665 402.2422 255.5992
413.2933 224.4881 459.4571 231.3205
413.3671 194.3661 414.4261 223.1691
415.57 229.7704 464.4184 236.5627
458.1398 238.0137 416.7916 232.5003
460.5701 229.4527 458.4798 194.3539
461.8674 200.6759 512.2392 208.1802
463.1316 234.3311 418.2063 227.5836
465.4193 195.6355 463.5069 158.1055
512.0869 172.3512 509.2292 166.9522
513.6737 205.672 511.9062 179.2892
515.6049 229.4969 545.6117 234.4555
515.6954 212.6951 548.1432 218.0136
515.9279 168.9079 510.9828 178.935
526.9375 211.5678 515.6461 209.2712
533.1273 209.3608 519.3398 207.0887
535.0192 172.9654 532.3119 183.2401
540.647 210.4142 535.5718 209.8835
540.7512 214.6345 547.7998 211.2064
541.2922 210.3696 544.4567 208.2467
541.4774 174.2204 538.0291 183.0877
545.4085 174.118 468.9756 157.4574
548.7329 175.6712 551.5291 214.49
552.1053 215.9381 557.9992 217.3868
555.6349 188.1237 554.6459 180.5894
555.8965 180.3243 554.5859 179.1413
556.3889 194.4498 555.6082 189.3776
558.2293 217.5437 588.163 222.9133
560.6949 211.995 559.7036 191.9205
564.4996 178.8949 551.5726 175.5406
567.2115 182.9523 569.1303 214.466
572.3078 201.8376 570.5818 181.8787
573.166 215.5698 572.7927 206.8358
575.5767 223.3887 555.5611 219.7242
576.7864 180.9926 564.9725 178.1456
579.9668 185.5988 581.2946 215.6507
583.692 200.6426 584.1992 184.3307
585.5532 217.1031 584.1941 201.7802
593.6718 184.8434 581.6131 181.5983
593.7881 203.2665 594.5612 213.3032
594.1829 200.8741 595.5713 201.9447
594.6304 188.1101 595.3606 200.6404
595.7614 162.5376 629.4377 170.3547
599.2784 219.3813 597.3116 189.3464
600.7441 227.2229 628.2594 230.8574
610.3319 188.1272 610.4359 201.8859
616.1665 207.8375 619.5801 214.2661
616.9998 188.6438 595.3148 184.9426
617.0126 223.4491 600.5684 221.0056
618.3474 214.3523 619.3694 224.3756
620.5657 227.24 601.902 224.2085
623.2089 191.7816 622.2899 203.2583
623.387 165.7494 620.3642 141.7504
623.7114 224.2768 622.5818 203.1541
626.7311 191.3775 617.8286 189.6756
627.7503 194.3015 630.2773 224.4042
630.4335 226.7395 636.7358 225.8683
630.6127 230.0049 638.1343 230.1522
638.1553 190.9238 630.4806 191.7035
1.9061 300.7593 14.5944 297.8228
13.9258 300.6192 13.6183 324.3814
15.1372 279.3614 15.5915 263.1241
17.1123 294.1912 60.9181 284.442
61.5816 275.6281 0.47892 290.0041
62.3633 283.116 61.4915 356.8557
72.1633 274.3778 72.3236 258.1171
72.276 257.2527 93.4715 252.0315
77.7931 279.3762 77.7614 270.6263
81.8925 276.8688 75.5247 258.9661
84.2789 282.8076 88.0609 281.6632
86.642 258.1197 86.2167 276.8884
89.375 259.375 89.375 264.375
89.5786 284.0479 73.0309 287.6983
92.5243 253.1196 92.3771 269.3795
94.766 269.3417 100.3397 125.5655
96.1581 275.608 94.6422 339.3813
101.2727 258.1732 102.2978 244.4065
104.4758 309.9592 189.5315 295.2817
106.5998 315.7772 103.6044 310.3599
107.0727 274.3437 106.1023 306.9265
121.9914 294.9962 150.6715 289.6232
148.6676 255.4855 144.1367 237.8649
153.3488 289.3089 197.9373 280.882
185.3075 277.7423 110.4642 292.298
190.5439 294.6744 206.8882 293.2798
193.5294 283.0824 193.0837 291.9359
196.8249 290.7235 196.2458 283.078
198.1249 280.6154 209.3744 280.5405
198.1712 297.1409 109.2813 312.5855
200.554 299.3757 201.0672 351.8707
206.8834 294.2625 318.1673 302.5573
207.5297 283.1158 207.6532 291.8817
209.4203 281.3164 311.9549 289.6412
210.5456 291.8858 210.6263 283.125
210.6724 273.1475 209.9011 231.8652
213.0271 289.3497 255.6544 292.7566
213.1675 275.2464 185.5503 276.5921
231.3326 274.3911 230.9606 261.865
254.3923 289.1666 211.8744 285.6323
255.6279 295.5878 213.0921 292.3001
280.6209 294.4212 291.8925 295.43
301.9011 299.0306 263.0898 296.0888
304.1285 290.6309 304.3392 299.4059
307.4264 299.3964 307.7678 290.6111
311.8687 284.4473 214.243 275.8795
314.375 270.625 314.375 235.625
315.6834 304.8333 201.8156 296.4299
316.8801 285.5671 340.6656 287.6644
320.6422 264.1352 334.411 265.1237
337.2188 255.6107 336.3337 234.3455
338.3046 285.6924 337.1979 268.1047
339.3807 290.5573 318.0707 288.7731
342.2869 250.6116 342.5734 259.393
342.6431 260.6047 344.4266 328.1566
409.1628 255.5843 410.932 300.662
416.0122 258.1202 416.2125 274.3678
416.9046 298.1234 419.1161 340.5734
434.375 314.375 453.125 314.375
459.5291 260.5432 414.2673 255.3061
461.2289 259.2622 462.6666 266.9606
463.0827 258.54 473.106 259.5619
463.2339 265.418 468.7601 261.0899
466.842 308.5914 518.189 312.2204
470.4496 300.6347 468.6592 268.1645
471.9622 263.1206 474.2185 308.0701
493.1033 313.4515 466.886 311.7096
514.3464 243.3305 556.8922 249.2511
515.884 267.1199 474.1791 262.3311
516.2764 306.9037 514.5933 271.8645
516.9011 315.2663 499.4027 313.9939
517.4811 273.099 518.341 293.1157
518.9955 295.6453 521.6041 344.5229
550.6577 245.3961 515.4828 240.3702
554.4205 271.4729 516.696 267.2089
555.1489 245.6527 553.616 219.3464
555.515 269.0935 566.762 270.3706
560.4784 293.9525 556.9221 274.1422
561.8602 315.8267 604.4065 318.9452
562.075 275.1956 554.9547 271.8801
563.4681 309.4332 562.424 293.17
564.7195 274.3552 567.0191 314.3667
579.3701 319.5253 563.0966 318.9949
600.5787 246.0204 608.1218 246.9026
600.6611 255.3571 636.9263 260.244
602.1038 277.6902 565.5101 272.7208
602.6595 316.9089 600.3843 285.6425
603.2201 279.3691 605.5574 316.9569
619.603 254.959 623.9417 253.2651
620.625 250.625 620.625 251.875
620.6403 255.5325 600.5692 252.2127
633.2954 257.0943 623.1592 255.4184
634.3392 280.9487 603.057 277.4898
0.55974 332.6968 14.37 330.5922
1.8862 329.3755 3.0316 303.0665
12.7741 326.4342 4.1367 328.2268
16.3152 329.3665 16.8305 295.6243
22.697 363.0955 21.2439 445.6359
25.821 379.3777 25.9914 366.88
25.9448 366.1583 61.7963 362.3786
26.4729 399.3791 26.5639 380.6174
28.0322 378.4026 65.5483 374.8218
43.2252 371.056 35.3837 370.0962
60.4039 390.6511 62.3444 407.1143
60.4524 356.6855 24.4207 361.0063
60.6403 361.9952 72.024 360.5442
63.1249 358.1249 64.3751 356.8751
63.3217 381.5436 60.3661 390.9368
64.1109 367.3072 56.9537 369.6187
65.6417 374.5582 79.3911 373.3017
69.1918 361.7751 90.5572 358.8754
70.6052 356.7794 75.6478 355.7351
70.9593 381.8901 70.3965 394.3647
76.8735 367.1667 64.3676 367.1037
76.9241 355.9172 86.8535 354.2471
78.4277 378.2127 71.9441 379.6801
79.2682 373.7032 85.7518 372.6721
90.2552 356.898 92.2163 281.8513
91.8197 369.4021 92.7544 414.4087
94.0582 350.6096 93.2061 368.1289
94.3397 343.1268 94.657 349.3607
105.0779 348.1257 105.0357 315.6225
108.3568 386.1435 105.2927 402.2864
109.1324 354.3171 107.772 389.4098
118.8842 353.1056 117.866 444.4
121.9769 351.7905 104.3885 350.448
123.3709 365.6316 123.7405 351.858
139.4077 361.0022 126.8932 362.0855
141.8491 367.2747 125.5864 366.2211
146.8419 360.3154 193.097 355.3634
146.8567 379.3786 144.3393 366.6351
200.5948 354.3813 315.6184 357.1484
213.5509 361.8727 213.8795 421.8709
275.4111 363.1373 275.8935 420.6227
348.1096 330.9282 404.405 333.7841
351.219 366.8565 351.8413 386.876
353.0856 363.9925 358.1732 363.8696
354.4921 373.1221 354.8606 388.1131
356.4837 367.8606 355.0782 376.5855
360.999 395.6461 360.3038 366.8526
363.7165 366.8554 365.5011 420.6706
366.8377 364.6589 408.1228 363.0669
401.5829 331.8863 398.0502 240.5795
401.8905 336.5326 346.8899 334.0447
406.8674 360.9065 365.6137 359.7952
418.1101 342.1866 469.4222 344.6352
418.8934 373.0879 421.0081 416.9168
456.8777 366.8134 476.8401 367.6798
463.124 346.9667 436.8636 346.6842
464.4003 370.455 365.5926 368.6963
465.9544 343.106 461.4765 265.5758
473.0039 372.3801 463.8793 370.1927
476.1236 373.1028 478.0756 416.8772
520.5755 346.5422 563.1538 348.841
522.2622 375.6069 524.0763 414.389
550.625 350.625 530.625 350.625
560.6188 372.2265 478.1004 370.779
560.7548 346.866 557.1801 295.5167
566.9063 374.2723 560.1418 372.2097
569.9731 375.5931 572.174 416.9256
605.8237 320.6128 607.5096 348.1627
606.8569 349.7457 638.2152 351.2731
607.0686 398.1897 605.6857 375.6213
608.7162 379.3329 611.1252 413.1784
638.154 373.799 571.8413 372.7464
638.3259 341.8656 635.6343 284.3161
0.57715 472.1186 14.3531 472.56
0.58996 400.2808 19.5255 398.3533
21.88 447.3132 86.8716 446.5771
24.566 441.8817 25.6211 411.8748
25.625 410.625 25.625 406.875
28.1237 440.5318 55.6184 440.1506
30.7376 466.4315 40.7285 468.9671
32.6857 401.0431 27.1884 395.2664
32.9923 419.2374 38.0818 414.3302
33.9623 413.7017 39.8246 410.1085
34.2344 427.0688 33.3498 432.1326
35.157 459.3763 35.1715 450.6242
35.4749 433.7586 43.1298 431.8948
39.1005 405.5453 41.6386 396.8063
42.6001 449.3643 42.2934 464.409
43.7108 468.0473 42.5057 478.3451
46.0601 418.2987 43.1333 425.6283
47.1431 478.134 46.8915 450.6134
47.1584 428.9241 50.9574 420.7801
52.0506 431.259 60.802 433.7541
59.9289 422.3064 52.3834 428.7228
60.3517 470.615 60.0749 478.1507
60.9096 448.1296 60.5831 468.1447
62.0174 407.7458 64.495 416.8423
64.2544 417.0811 66.3043 430.7108
64.3743 440.1866 89.3742 440.1444
66.8395 433.7413 89.4088 432.4782
74.6822 430.5486 78.7425 380.4724
75.6264 471.8053 63.1068 471.5622
81.8077 420.566 82.1837 428.1096
84.8982 429.4413 86.0298 420.5178
85.2591 412.9056 81.1807 419.7082
85.8299 416.5769 90.9756 420.1151
86.8768 449.2166 61.8748 449.2587
88.0811 464.419 88.5849 450.5962
89.3745 436.8372 25.6189 437.6401
89.3792 442.4094 25.6233 442.916
92.3869 415.5484 93.1463 420.6218
92.8754 438.1231 92.5712 478.1303
93.4876 423.0526 93.0658 428.2221
93.8974 429.1819 90.9402 436.4971
102.7907 470.6292 102.4247 441.8839
103.3402 435.6973 103.8383 425.5985
105.0722 402.3589 103.1488 406.8851
105.1031 450.6071 105.6243 471.875
107.6575 403.1202 107.299 438.1165
108.948 470.6345 108.5021 450.6166
112.0986 450.5958 112.6454 478.1593
112.1781 445.628 113.0793 354.3745
120.6366 449.2619 111.8508 448.361
123.1471 429.3752 123.7496 368.1311
199.3749 462.8212 209.3754 462.8174
210.9728 424.3719 210.399 360.627
211.8237 466.7627 196.8449 467.3273
213.6772 441.8574 213.0785 465.6238
215.6265 421.9227 260.6215 420.5141
263.0439 418.1398 262.8772 403.1277
272.7313 419.3799 272.0522 364.3728
280.625 420.625 319.375 420.625
281.8013 421.8828 253.0783 423.5875
288.1089 451.8765 286.4344 434.2979
297.6278 453.9842 292.742 444.5738
298.8047 441.9091 299.1832 434.3654
301.7791 431.9239 306.3502 440.8925
311.3043 429.6581 315.0312 437.1696
312.7184 440.6669 312.2822 449.4572
322.7471 448.1564 321.809 436.8805
325.6215 420.3359 350.6179 420.0343
332.8117 437.5898 324.4834 448.5039
335.5037 427.185 343.1519 427.7798
336.824 436.5675 343.3102 435.4917
343.269 430.9882 335.5661 429.7375
345.5154 438.4311 336.7386 439.4507
351.4619 414.7415 361.9832 415.7974
351.6881 443.1306 351.4273 434.3884
353.4118 409.5011 352.5652 403.0346
358.1593 419.9427 355.6029 419.8143
359.2826 420.6985 360.3754 422.0734
360.9834 442.3977 352.9673 447.895
360.9846 411.8753 360.9856 406.8748
360.9857 405.6315 361.0212 396.8716
363.3997 420.1661 359.3524 419.5155
364.5885 419.3756 364.5782 423.129
369.3581 420.0015 415.6419 418.7484
382.5639 442.9485 386.5544 458.5273
383.6602 429.2384 386.2853 439.5255
384.3887 458.1458 376.8607 463.1032
391.0307 443.1373 391.4471 429.3621
413.7894 442.4789 408.8427 437.3926
417.5561 416.8983 415.7612 373.1194
420.6168 421.6122 366.8803 423.2935
421.808 419.655 429.4675 421.4887
425.4908 434.4151 422.0968 423.0587
430.6112 419.0423 453.1761 418.1052
435.8347 450.4185 427.7673 442.2273
437.4527 445.9483 435.953 437.0301
437.4587 478.1788 435.3372 451.8982
438.0642 449.3792 440.0764 478.1634
445.7124 445.8283 436.9662 449.5873
449.4462 438.1512 446.3083 446.6662
451.8198 426.9451 458.1077 431.897
453.0661 461.4338 459.3467 461.6134
453.0946 418.4091 465.6215 418.0145
456.8636 448.129 460.8001 459.3134
457.7001 440.7309 472.9216 435.0775
457.7141 458.2978 450.9675 442.2567
457.9383 478.2879 459.1182 470.5857
460.6974 467.5091 451.9217 466.4776
462.2061 463.8948 475.1715 439.0817
468.5687 418.0976 465.7867 373.115
470.4124 438.8458 457.9197 443.864
472.7569 453.8448 476.2924 459.7253
474.3679 445.7195 496.8747 445.5809
474.3955 409.3738 472.3542 373.098
474.4838 466.8443 461.8612 467.9709
476.32 455.9961 481.2582 452.8779
476.8492 440.4144 516.8865 441.4106
478.127 418.1413 463.0515 420.042
479.3624 416.3307 521.8685 415.3438
480.8491 466.8004 472.6923 468.3554
490.6464 463.2451 505.641 463.5294
490.9144 452.1019 489.058 464.6967
493.1255 448.1101 478.1011 447.6428
497.1065 447.4662 490.8388 449.9209
501.8014 455.3719 520.6333 456.7628
502.0085 447.0216 505.3028 444.0212
508.1942 448.4352 498.065 447.6891
509.33 449.3089 515.926 444.8169
509.9355 443.8227 506.1512 448.5465
511.8728 468.2878 480.6458 467.8591
519.3896 476.182 466.8602 477.5595
520.9761 413.1664 519.1878 374.3836
522.9875 444.3519 531.2613 459.7057
524.0183 456.9556 522.2841 449.2825
525.6211 416.4325 561.8793 416.1139
530.6165 469.0282 511.8471 469.4902
532.7496 467.7719 537.8117 462.8355
538.0966 463.6859 543.191 463.476
543.0893 468.835 534.2951 469.4163
552.2881 466.3723 556.0416 460.1243
553.1747 452.3345 563.1927 451.2511
553.2805 478.2348 552.1259 466.7245
554.9378 466.3747 560.202 471.2001
555.6297 419.2191 479.3704 419.5485
560.6585 470.7717 575.6826 471.2283
561.2551 449.9134 564.6898 445.894
565.3768 445.435 570.8442 438.2928
566.2337 415.6035 564.8201 375.4772
570.4904 456.8141 577.3982 441.5462
571.872 437.8139 625.6334 437.9858
573.9343 441.6589 567.7813 454.2064
574.3503 415.6074 605.6371 414.9967
576.8455 417.5385 556.8333 418.5455
577.783 475.9751 579.6576 464.4208
581.8119 461.7414 638.1486 460.826
588.2122 473.9521 580.7708 472.4179
589.441 464.3721 589.8244 473.1599
591.8536 473.2475 634.4017 473.9091
591.8661 453.2946 631.8635 452.9672
607.7341 413.1345 607.4603 401.8608
613.1025 415.0782 638.163 414.0469
619.3798 466.2465 608.1208 466.3341
621.8406 456.0273 586.8475 457.4451
623.1207 441.784 595.681 443.0699
626.7084 439.4951 637.2433 454.1095
636.9099 473.1239 636.6275 464.383
638.1274 416.9773 578.102 418.4092
0 0 0 0
0 0 0 0
