(24) (7)
(26) (1)
(29) (9)
(30) (14)
(31) (16)
(34) (18)
(38) (27)
(39,41) (29)
(40) (32)
(45) (38)
(48) (34)
(50) (39)
(51) (40)
(52) (42)
(53) (41)
(55) (44)
(56) (45)
(57) (47)
(58) (48)
(59) (49)
(61) (52)
(63) (54)
(64) (56,59)
(67) (62,61)
(70) (66)
(71) (70)
(72) (73)
(73) (74)
(74) (77)
(84) (83)
(85) (84)
(86) (86)
(88) (88)
(89) (90)
(91,97) (220)
(92,99) (91)
(100) (221)
(101) (92)
(102) (93,94)
(104) (95)
(106) (224)
(107) (96)
(109) (103)
(110) (102,104)
(111) (105)
(114) (109)
(115) (106)
(116) (111)
(117) (112)
(119) (116)
(122) (121)
(134) (36,139,149)
(136) (118)
(137) (125)
(141) (119)
(148) (141)
(150) (142)
(151) (144)
(152) (145)
(154) (146)
(158) (150)
(160) (151)
(161) (53,155)
(162) (152)
(166) (158)
(169) (157)
(170) (63)
(171) (156)
(174) (168)
(179) (172)
(180) (173)
(181) (169)
(182) (170)
(183) (174)
(184) (176)
(185) (294)
(186) (177)
(187) (171)
(188) (179)
(189) (181)
(190) (180)
(191) (182)
(192) (183)
(193) (185)
(194) (189)
(195) (315)
(196) (192)
(197) (199)
(198) (325)
(203) (200)
(204) (210)
(231) (339)
(233) (227)
(234) (225)
(235) (230,232)
(236) (229,231,235)
(239) (120)
(240,241) (237,239,243)
(242) (245)
(247) (249)
(248) (254)
(249) (252)
(250) (255,385)
(251) (256)
(252) (257)
(258) (267)
(259) (260)
(260) (269)
(261) (270)
(263) (276)
(264) (274)
(265) (278)
(266) (281)
(267) (279)
(268) (283)
(269) (399)
(271) (284)
(272) (285)
(277) (295)
(278) (294)
(279) (300)
(280) (405)
(282) (302)
(283) (303)
(284) (304,305)
(288) (309,310)
(289) (314)
(290) (317)
(291) (316)
(295) (328)
(312) (425)
(313) (332)
(314) (426)
(316) (427)
(317) (333)
(319,328) (335)
(320) (428)
(321,329) (336)
(330) (337)
(332) (343)
(334) (345)
(335) (350)
(336) (353)
(337) (355)
(338) (356)
(345) (365)
(347) (362)
(350) (368)
(351) (241)
(352) (363)
(353) (372)
(355) (374)
(357) (377)
(358) (380)
(359) (382)
(360) (386)
(362) (466)
(363) (474)
(364) (387)
(365) (391)
(366) (395)
(368) (397)
(369) (404)
(370) (400,406)
(373) (410)
(374) (413)
(375) (416)
(376) (492)
(377) (417,424)
(378) (422,423)
(405,415) (431,437,442)
(407) (430,432)
(409) (433,441,448)
(427) (440)
(429) (435,521,522)
(452) (436)
(461,462) (463)
(463) (554)
(465) (465)
(466) (557)
(467) (565)
(472) (472)
(474) (473)
(475) (581)
(476) (476)
(478) (591,600)
(480) (477)
(481) (481)
(482) (482)
(483) (607)
(485) (484)
(486) (616)
(487) (485)
(488) (632)
(489) (641)
(490) (488)
(491) (409,489)
(493) (645)
(494) (491)
(496) (649)
(497) (493)
(498) (658)
(499) (496)
(500) (497)
(502) (644)
(560) (501)
(564) (503)
(566,575) (500)
(569,574) (534)
(570) (533)
(621) (627)
(625) (614)
(637) (627)
(639) (628)
(643) (647)
(650) (656)
(653) (655)
(656) (652)
(664) (662)
(63) (60)
(69) (68)
(73) (173)
(74) (79)
(103) (223)
(106) (222)
(125) (123)
(134) (157)
(135) (131)
(138) (144)
(140) (131)
(143) (134)
(145) (242)
(146) (135)
(149) (142)
(152) (251)
(156) (147)
(158) (145)
(163,169) (154)
(166) (53,155)
(170,171) (159)
(174) (161)
(175) (160)
(177) (169)
(180) (71)
(183) (281)
(187) (307,320,327)
(191) (183)
(196) (197)
(199) (198)
(203) (211)
(232) (346)
(233) (117)
(237) (354)
(246) (246)
(249) (271)
(251) (258,265)
(256) (262)
(257) (263)
(262) (252)
(270) (282)
(274) (293)
(281) (301)
(283) (305)
(284) (308)
(285) (309)
(286) (310)
(289) (316)
(331) (340)
(333) (343)
(335) (361)
(344) (363)
(350) (371)
(355) (373)
(367) (392)
(371) (411)
(414) (511)
(419) (514)
(425) (518)
(430) (439)
(433) (444)
(437) (447)
(452) (443,446)
(469) (573)
(470) (467)
(477) (589)
(484) (483)
(488) (641)
(492) (490)
(495) (650)
(502) (664)
(569) (503)
(571) (524)
(572) (533)
(574) (523)
(588) (558)
(591) (559)
(596) (582)
(598) (586)
(599) (592)
(600) (593)
(601) (596)
(603) (602)
(611) (614)
(631) (630)
(637) (618)
(646) (648)