65 1206
80 935
87 3510
88 1987
118 2483
132 668
133 7842
142 1902
150 254
155 1249
157 1436
174 1201
191 8491
201 201
221 742
222 87
223 743
234 97
241 1934
243 110
245 1952
251 2039
252 118
255 1000
256 766
260 1852
261 145
263 326
271 3003
273 1963
277 1931
280 336
288 1913
298 1847
302 1822
304 1990
308 201
309 3865
311 3891
312 1821
314 1905
315 1906
316 4004
319 4004
327 1360
329 1846
333 2320
338 1972
342 862
343 2005
349 350
391 7175
394 7864
395 3510
409 5578
412 949
423 660
428 666
431 669
434 673
435 675
438 254
442 1192
490 229
497 1455
500 1910
501 1909
503 3501
504 2035
506 2041
508 3939
512 2006
513 2032
514 2033
534 1377
538 2930
560 2836
573 5697
581 1525
584 978
586 869
606 2132
611 3346
616 3532
618 496
619 2718
623 2118
624 2107
630 2095
637 2135
639 2034
644 2084
646 511
647 512
650 2068
668 2930
683 8478
697 944
700 983
702 978
703 869
707 3193
729 496
732 2121
733 2205
734 554
736 2174
741 2192
746 2168
749 572
780 4130
781 4477
782 2204
792 4118
796 1664
798 2206
799 2207
800 565
801 4129
815 577
833 2227
834 2231
856 3442
862 2250
865 2234
866 2235
868 2235
874 2264
882 2268
884 2265
891 2270
918 7789
949 1214
950 2839
951 1436
982 661
989 6406
990 2837
993 674
994 675
1034 2874
1035 87
1045 99
1049 728
1051 2594
1053 1952
1061 420
1064 1000
1069 1295
1071 1909
1084 953
1101 1905
1109 848
1111 2950
1131 6375
1188 2841
1196 2013
1211 2877
1212 2191
1232 506
1234 953
1237 441
1240 445
1241 511
1245 8082
1247 8360
1264 2930
1265 2930
1284 2836
1285 2836
1313 1611
1320 1040
1321 496
1323 550
1327 553
1330 554
1331 555
1335 2175
1336 4119
1347 560
1349 1071
1353 1312
1367 2962
1375 3036
1388 7600
1397 586
1398 587
1403 602
1405 1115
1407 565
1408 566
1410 606
1412 601
1440 5278
1447 1097
1449 616
1457 622
1460 1690
1479 2257
1490 2809
1503 1718
1504 2809
1505 2808
1513 647
1514 2267
1521 1161
1522 1162
1548 4038
1590 1193
1595 1192
1598 1196
1599 1197
1614 3510
1625 87
1637 753
1638 1195
1667 6000
1676 668
1690 1238
1691 1239
1701 1255
1702 660
1708 673
1729 1299
1734 1456
1755 1333
1764 3287
1775 4007
1776 1482
1779 5729
1781 1379
1782 2135
1785 1569
1787 2930
1791 1385
1796 1497
1797 1389
1800 1498
1828 3161
1831 3184
1834 3165
1837 2292
1848 3567
1865 1315
1884 7254
1898 1540
1899 1549
1902 1604
1914 2132
1923 3601
1924 1362
1925 1488
1926 1489
1927 1487
1931 1563
1932 1573
1934 1568
1952 3156
1972 3275
1988 3688
1992 4181
1994 3193
2010 3190
2011 1540
2020 1547
2026 1564
2030 1559
2033 4828
2038 1564
2041 1627
2044 3675
2078 5811
2092 1653
2095 3724
2096 4130
2098 1671
2100 3771
2105 3396
2108 1631
2114 1631
2118 1638
2122 1641
2136 3804
2153 3396
2156 3399
2179 2234
2180 1711
2181 3805
2191 3797
2205 3813
2207 2267
2208 2268
2213 1152
2222 4003
2234 1952
2254 3865
2260 3849
2266 2350
2267 742
2268 87
2274 97
2276 2355
2284 1201
2290 3863
2296 62
2312 67
2318 201
2323 1465
2328 5578
2338 1360
2346 99
2354 2005
2355 2006
2382 145
2390 35
2391 255
2392 254
2393 248
2394 242
2399 253
2410 4004
2416 666
2419 3936
2421 2035
2422 1909
2423 1910
2426 669
2432 3942
2434 250
2436 660
2437 1259
2448 3952
2484 5976
2490 2187
2493 881
2502 1176
2511 6990
2513 1192
2528 3991
2541 1332
2542 2196
2551 4006
2560 2169
2562 2002
2564 4008
2565 4009
2566 360
2570 3906
2574 4014
2575 4015
2588 254
2590 2930
2596 4033
2597 2131
2599 2132
2605 2135
2611 3952
2623 7114
2624 4062
2629 944
2630 350
2654 866
2655 867
2669 4071
2680 1397
2699 2121
2707 4087
2726 944
2731 2196
2741 4709
2744 2196
2746 2204
2749 5895
2752 2205
2754 4100
2755 4101
2757 4103
2764 3771
2765 4130
2766 5863
2778 5883
2779 5884
2786 4115
2787 4117
2794 4125
2795 4127
2796 4159
2797 5897
2800 4129
2801 4129
2802 4128
2814 2234
2827 4140
2836 4146
2847 5900
2849 4147
2853 2244
2855 4164
2868 4166
2870 4168
2877 2269
2883 2272
2885 2275
2888 3926
2901 4197
2906 2312
2916 4204
2921 2523
2933 2534
2938 2544
2940 4021
2942 4270
2946 2353
2948 2355
2953 1224
2962 2347
2964 2351
2984 706
2992 2382
3000 7864
3004 3866
3013 2655
3028 4266
3056 4277
3057 4278
3061 2441
3083 675
3093 3571
3094 2488
3101 7175
3102 2496
3111 7175
3115 3510
3117 3510
3174 5822
3177 2093
3178 2625
3187 2522
3197 2372
3206 2557
3207 2710
3208 2711
3212 416
3213 2564
3219 2556
3238 2663
3264 2436
3266 2191
3277 2837
3282 2457
3289 4685
3300 3165
3305 4056
3307 2615
3311 2205
3317 7180
3319 5822
3320 5940
3321 4392
3329 6374
3336 2625
3350 2635
3354 2709
3363 2654
3364 2659
3372 2718
3377 5518
3382 2190
3421 2747
3422 2750
3423 4487
3424 4488
3436 2715
3437 2617
3439 6090
3444 2723
3445 2726
3448 4486
3466 4488
3480 4515
3494 525
3512 4515
3535 2234
3539 2808
3540 2809
3543 4535
3549 4531
3553 4529
3560 6238
3584 8478
3617 3219
3625 2988
3629 2841
3640 994
3643 723
3644 4962
3646 905
3647 999
3648 1000
3649 786
3661 2919
3673 8082
3676 8360
3699 6375
3720 2840
3727 4920
3734 380
3759 4988
3772 3012
3773 1064
3774 5007
3777 3059
3778 3012
3789 6003
3811 5028
3814 6697
3816 5029
3819 8368
3833 7600
3840 3091
3851 5013
3852 5013
3854 1115
3864 3109
3865 5013
3866 1114
3867 6631
3870 1119
3871 1120
3877 1123
3902 6629
3920 5094
3922 1136
3924 1123
3926 3128
3951 1149
3956 643
3968 1160
3969 3141
3974 1163
3975 1164
3995 3165
4026 1193
4034 3294
4040 2980
4046 6811
4051 3306
4052 7258
4054 5563
4062 5390
4063 3601
4068 3256
4074 5165
4075 5572
4077 3677
4083 3603
4087 3342
4103 5153
4114 5155
4122 5518
4132 7977
4142 3689
4162 3360
4164 1604
4166 3362
4169 3368
4174 3337
4184 3395
4187 3389
4190 5437
4206 5153
4214 4181
4229 3409
4237 3173
4247 3360
4253 1616
4254 3382
4257 3384
4268 3434
4277 3769
4282 5265
4288 7256
4317 5470
4334 3797
4340 3815
4350 6849
4351 6850
4357 3469
4358 1720
4363 1711
4374 5340
4401 3180
4409 5587
4435 7013
4451 3719
4464 6983
4471 1604
4479 3663
4486 7010
4492 3194
4494 5556
4502 5614
4506 5564
4514 5571
4515 5572
4517 5577
4528 7037
4550 5365
4558 7073
4562 3193
4580 7721
4602 3671
4604 3597
4606 3735
4608 5622
4609 3675
4645 5660
4655 5634
4659 7083
4667 5659
4668 5660
4672 3769
4675 5645
4677 1630
4678 5405
4696 3790
4698 7096
4699 7097
4705 5657
4729 5686
4731 5676
4742 6083
4748 5683
4755 5688
4758 5689
4761 5326
4763 2268
4765 3806
4768 6962
4774 4003
4776 1193
4777 3831
4782 4183
4801 1785
4803 1298
4812 1192
4818 5716
4826 107
4838 95
4858 3895
4861 5734
4864 7842
4876 5858
4879 145
4888 35
4889 2024
4894 253
4899 1907
4909 5766
4912 1259
4914 5835
4915 5768
4918 5771
4920 5774
4945 5545
4960 3979
4963 5794
4964 5795
4966 3856
4986 5809
4999 5814
5003 1603
5012 5817
5015 5822
5017 542
5018 5822
5023 7085
5040 5860
5041 4088
5044 7198
5054 5840
5059 5845
5061 2196
5072 866
5073 867
5079 5869
5085 5874
5096 5856
5097 5824
5103 5878
5106 4130
5108 5863
5124 5868
5125 5869
5126 5870
5128 7247
5132 5874
5134 7183
5140 4128
5141 5878
5145 5879
5167 4140
5170 5907
5188 5900
5189 5901
5196 4164
5198 5906
5209 4144
5218 4169
5220 2269
5223 4305
5227 2322
5241 5928
5246 5931
5254 4214
5261 4652
5280 4559
5283 4419
5287 2404
5296 2436
5304 4351
5318 5981
5324 2599
5331 6047
5348 5991
5349 5992
5352 4679
5356 7789
5365 2443
5370 2496
5396 6004
5402 6012
5408 5940
5416 4319
5420 6076
5421 4469
5422 6082
5423 6083
5427 5814
5436 4342
5453 6032
5454 6090
5455 4433
5457 4432
5481 4678
5498 7789
5503 6002
5510 6063
5513 4460
5514 6057
5515 6058
5517 7214
5521 6155
5522 4332
5526 2673
5538 2680
5542 4486
5547 6866
5554 6122
5567 6108
5572 6111
5577 2725
5579 4475
5600 2789
5604 4529
5613 6111
5615 6130
5637 6143
5655 4537
5658 4540
5675 6368
5676 6161
5680 5859
5682 4604
5683 4603
5689 4563
5691 4236
5693 6285
5702 2551
5705 4351
5713 4806
5714 2654
5721 4625
5726 4363
5758 4679
5770 783
5814 4559
5818 4331
5824 4698
5829 4564
5838 4422
5840 2556
5848 2663
5849 4433
5852 4439
5861 2731
5862 4655
5875 4677
5886 4817
5906 4757
5917 4763
5921 4761
5922 4762
5925 4501
5928 4845
5929 4846
5940 4946
5957 6478
5958 4817
5960 6479
5963 4817
5977 4883
5979 7600
5982 4793
6003 2671
6016 4510
6023 4525
6025 4526
6046 2805
6047 2808
6048 4533
6070 4909
6071 4910
6072 4913
6094 4923
6105 1195
6127 4959
6132 4962
6146 4988
6179 8063
6187 4923
6191 6003
6199 7610
6207 6697
6224 5045
6233 5050
6235 3097
6240 5071
6244 3104
6245 3105
6246 5098
6249 6631
6294 5098
6295 5094
6297 5095
6305 6232
6317 5122
6318 3138
6327 5132
6331 3142
6332 5138
6333 5139
6336 5131
6343 3140
6344 3141
6345 5146
6347 3149
6360 6682
6369 5173
6390 5237
6393 5198
6394 5199
6398 5194
6399 3692
6402 5198
6405 5215
6431 6682
6432 5155
6433 6682
6434 5155
6439 6693
6444 5034
6465 5454
6469 3413
6473 3421
6474 3784
6475 5248
6489 5257
6490 5293
6497 6682
6500 6682
6529 3452
6532 6750
6555 3469
6575 655
6592 5413
6621 6941
6637 5440
6639 5434
6640 6893
6653 101
6656 5365
6676 5436
6686 6816
6687 6816
6694 1641
6703 5461
6705 5662
6711 3797
6723 6849
6725 5689
6729 5485
6730 3825
6740 5340
6752 6978
6764 5591
6784 3652
6789 7010
6799 5560
6803 5617
6808 5622
6809 5569
6810 7036
6823 5347
6829 6949
6830 989
6838 5413
6851 5639
6854 3649
6866 5645
6879 5413
6891 5639
6892 5657
6900 5662
6921 5676
6924 7864
6927 7107
6941 5682
6968 5788
6971 5791
6975 384
6995 849
7012 1298
7014 3529
7015 7927
7016 4003
7017 5732
7023 7116
7024 8024
7028 944
7030 5824
7046 4028
7066 7198
7080 5840
7088 7971
7092 7967
7119 5854
7120 5811
7144 7179
7145 5878
7151 5879
7153 4035
7155 5860
7156 5861
7157 5839
7171 8040
7173 8042
7176 8440
7179 7007
7184 8016
7185 4097
7189 7007
7197 5880
7199 5863
7225 5897
7244 5899
7249 4144
7254 5912
7255 5913
7259 4169
7260 4170
7265 8022
7268 6004
7269 7173
7283 5928
7285 5934
7301 7141
7319 6082
7320 6083
7322 5814
7333 7190
7338 7294
7340 6090
7343 6033
7344 6034
7380 7789
7394 8103
7402 7177
7410 6067
7430 6092
7437 8099
7440 8118
7458 7351
7496 6113
7498 7354
7524 7250
7525 6143
7532 7388
7538 6145
7539 4540
7543 6213
7545 7256
7546 6152
7556 6218
7569 6231
7571 7430
7578 6027
7579 4425
7589 7303
7590 5391
7608 6258
7633 4465
7634 4466
7635 7256
7638 6056
7655 7288
7667 6250
7671 5957
7674 4238
7676 6194
7690 6272
7693 7316
7694 4465
7695 4466
7705 6288
7709 6273
7711 6288
7714 7372
7717 6321
7718 7374
7722 4806
7723 6249
7744 6316
7745 7370
7788 6356
7789 6354
7799 6369
7807 6444
7812 4578
7814 6368
7818 2219
7825 6376
7828 6496
7831 6461
7834 6187
7850 4794
7857 4806
7858 7496
7883 6423
7894 8430
7913 4829
7914 7574
7915 4829
7916 4763
7919 7574
7932 4841
7933 6396
7934 6459
7936 4847
7937 4848
7949 6507
7954 1127
7956 5033
7991 7599
7993 6629
8016 4890
8017 4891
8018 6517
8019 6345
8026 6349
8028 6542
8046 6352
8059 4909
8060 4910
8067 4609
8070 4923
8092 6733
8114 6629
8132 6602
8141 5098
8147 5111
8168 6588
8174 7708
8178 7708
8183 6232
8224 5138
8225 5139
8233 7747
8234 7748
8236 5146
8253 7502
8276 5448
8282 6732
8283 8605
8288 6718
8289 6719
8290 6716
8291 6718
8292 6719
8294 5299
8304 7756
8307 7756
8320 6629
8327 3745
8335 5324
8343 8347
8351 6770
8353 6772
8356 3479
8363 8541
8365 6672
8377 6797
8400 5454
8405 6812
8412 7808
8447 6850
8463 6797
8475 6967
8503 2370
8532 6952
8569 7892
8571 7894
8611 1495
8621 7004
8636 7917
8647 7015
8655 7954
8656 3556
8661 7929
8662 7930
8665 7067
8666 7932
8669 7069
8670 7070
8686 7909
8693 2291
8694 2292
8706 7928
8710 7958
8712 7945
8714 7090
8724 7951
8741 7961
8754 8435
8764 8450
8765 3968
8794 8477
8795 8478
8797 7140
8801 7179
8808 7985
8816 7987
8823 7993
8826 7994
8828 4375
8831 5762
8834 7999
8847 7971
8848 7972
8858 8018
8866 7007
8877 8037
8887 8040
8891 8115
8894 8051
8902 8057
8915 7250
8916 8061
8922 7251
8924 7315
8936 7262
8940 8068
8942 7177
8956 6194
8958 7330
8959 8112
8969 4674
8972 7341
8973 8113
8974 7342
8981 8097
8983 8099
8988 5787
8992 8118
8998 8079
9007 8112
9023 8115
9025 8117
9039 6113
9040 6114
9043 8128
9049 8133
9051 8135
9052 8128
9060 7388
9065 8086
9070 7426
9080 8150
9098 8478
9104 8159
9105 8160
9120 8171
9122 7842
9131 8178
9138 8164
9147 8175
9148 8172
9170 7474
9177 7478
9179 7291
9181 6459
9186 7600
9190 4946
9198 3033
9202 5395
9250 6339
9259 7374
9276 6770
9284 7571
9285 7573
9298 6497
9299 6498
9301 6465
9302 6629
9313 7531
9314 7610
9320 6697
9327 7610
9345 8561
9359 7646
9376 6575
9389 7621
9392 6516
9393 6530
9394 6518
9395 6519
9399 7556
9413 7620
9414 7676
9415 7677
9416 6551
9417 6550
9418 6552
9419 6553
9427 6559
9428 6560
9431 7747
9436 6562
9443 4923
9463 8321
9465 5111
9468 7708
9469 7732
9476 7718
9489 7741
9509 8336
9515 7746
9521 8314
9524 7751
9533 1387
9560 8347
9565 5335
9575 5335
9580 7807
9582 8541
9593 6629
9597 7826
9598 6770
9610 7813
9616 8372
9627 6850
9654 6694
9674 7892
9676 7880
9692 7856
9701 7855
9727 8430
9735 7944
9744 8422
9760 8433
9764 7961
9789 8442
9799 8458
9803 3369
9809 8037
9810 8467
9824 8426
9832 8481
9854 8488
9855 8480
9866 8061
9884 8522
9885 8523
9890 8128
9895 8514
9896 8516
9927 7250
9937 8534
9940 7403
9951 8171
9960 8341
9961 8542
9975 8169
10007 8172
10023 8203
10055 7466
10060 7538
10089 8226
10107 8295
10115 3417
10153 7648
10155 6554
10164 7663
10169 7676
10170 7677
10172 8306
10175 8620
10176 8621
10204 7743
10205 7744
10207 7732
10208 7745
10209 7746
10211 8541
10216 8337
10223 7752
10225 7750
10251 7807
10264 8381
10281 8395
10307 5282
10387 6212
10405 8103
10428 8550
10441 8550
10473 7842
10489 8226
10492 8266
10493 8267
10503 8301
10504 8302
10505 8305
10507 8305
10508 8306
10509 8307
10525 7809
10529 8313
10532 8621
