30 10
46 39
49 35
52 41
54 42
56 45
57 46
58 48
59 49
60 50
62 53
64 61
65 60
68 66
70 163
72 71
73 74
74 75
75 78
75 80
98 92
101 222
103 95
104 224
105 96
107 223
108 97
112 105
115 110
116 228
118 113
119 116
121 116
126 124
127 128
129 123
135 37
135 140
135 150
136 132
137 119
138 126
139 145
141 132
142 120
144 135
146 243
147 136
148 133
149 142
150 143
151 147
153 252
157 148
159 146
161 152
162 54
163 153
164 155
167 159
171 64
172 160
174 269
175 162
176 161
178 170
180 173
181 174
182 170
183 171
184 282
185 177
186 171
186 295
187 178
188 172
189 180
191 181
192 184
194 200
195 190
196 316
197 193
199 197
200 199
202 194
232 340
233 99
234 118
235 226
236 122
237 235
238 355
241 240
241 244
242 245
243 246
245 247
248 250
249 255
250 272
252 259
252 266
253 258
257 263
258 264
259 268
260 267
261 273
262 271
263 253
264 277
265 275
266 279
268 280
269 175
270 400
272 285
273 286
275 294
277 291
278 296
279 295
280 301
282 304
283 303
284 305
284 306
285 309
286 310
287 329
288 317
289 317
290 327
292 319
294 416
297 297
298 408
301 328
325 336
330 337
331 338
332 341
333 344
334 348
335 346
336 362
337 357
339 361
340 367
341 363
345 364
346 366
353 375
356 374
358 378
359 381
360 383
361 387
363 467
364 475
365 388
366 392
367 396
367 411
369 398
371 401
371 407
372 412
374 411
375 414
376 417
378 401
378 407
378 418
379 421
382 425
406 432
406 438
410 434
410 442
410 449
414 506
415 512
416 432
416 438
416 443
420 517
426 519
428 441
430 523
434 445
435 446
436 526
437 529
438 448
444 461
446 463
453 462
460 465
462 464
463 464
464 555
466 466
467 558
468 566
470 574
473 473
475 474
476 582
477 477
478 590
479 592
479 601
480 599
481 478
482 482
483 483
484 608
485 484
487 642
488 486
489 642
491 489
492 490
493 480
495 646
498 494
500 497
501 420
502 496
503 665
570 504
570 524
572 525
573 534
575 535
576 548
589 559
592 560
597 583
598 586
599 587
600 593
601 594
602 597
604 603
606 607
609 607
611 610
612 615
622 623
624 622
626 615
638 619
639 631
641 644
644 648
647 649
651 662
