30 10
46 39
49 35
52 41
54 42
56 45
57 46
58 48
59 49
60 50
62 53
64 61
65 60
68 62
68 63
70 69
72 74
74 174
75 80
98 221
100 92
101 222
102 93
103 94
104 224
105 96
107 225
108 97
110 105
112 106
115 110
116 228
118 113
122 116
124 128
125 128
127 368
135 155
135 158
136 132
137 119
138 126
141 132
144 135
146 243
147 136
148 241
149 142
150 143
151 147
152 145
153 252
157 148
159 146
161 152
162 54
163 153
167 54
167 156
171 64
172 160
174 269
175 162
176 161
178 170
181 72
182 170
183 171
184 282
185 177
186 295
187 178
188 328
189 180
190 182
191 181
192 184
195 190
196 316
197 198
198 200
204 201
205 210
232 340
233 99
234 118
235 226
236 228
237 235
241 240
241 244
242 245
243 246
247 247
248 250
249 255
250 272
252 259
252 266
253 258
257 263
258 264
259 268
260 267
261 273
262 271
263 253
264 277
265 275
266 279
268 280
269 175
270 400
271 283
272 285
273 286
275 294
278 296
279 295
280 297
280 301
281 417
282 302
283 303
284 305
284 306
285 309
287 311
288 310
289 317
291 318
292 327
293 324
294 416
296 325
329 336
330 337
331 338
332 341
333 342
334 344
335 346
336 362
337 354
339 361
341 363
342 371
345 373
346 366
352 242
353 364
356 374
358 378
359 381
360 383
361 387
363 467
364 475
365 388
366 392
367 396
369 398
371 401
371 407
372 412
374 396
374 411
375 414
377 405
378 401
378 418
382 425
406 432
406 438
410 434
410 442
410 449
415 512
416 432
416 438
416 443
426 519
428 441
430 526
431 440
434 445
435 446
437 529
438 448
444 461
453 437
460 551
462 464
463 464
464 555
466 466
467 558
468 566
473 473
475 474
476 589
477 477
478 590
479 592
479 601
480 599
481 478
482 482
483 483
484 608
487 617
488 486
489 642
490 633
491 489
492 490
493 491
495 492
496 651
497 650
500 497
501 420
501 493
502 495
502 658
503 665
570 504
570 524
572 525
573 534
575 524
589 559
592 560
597 583
598 586
599 587
600 593
601 594
604 603
609 607
612 615
624 623
626 615
644 648
647 645
