30 10
46 39
49 35
52 41
53 43
54 42
56 45
57 46
58 48
59 49
60 50
62 53
64 61
65 60
68 62
68 63
70 69
73 70
74 75
75 80
75 201
98 221
100 92
101 222
102 93
103 94
105 224
107 223
109 101
110 105
111 103
112 106
115 110
116 228
118 113
122 116
123 122
124 125
127 368
135 37
135 150
136 132
137 119
138 126
141 132
142 120
144 135
146 243
147 136
149 142
150 143
151 143
152 145
153 146
155 147
157 148
159 151
161 152
162 54
163 153
164 155
167 159
171 157
172 160
175 162
176 161
178 176
180 173
182 176
183 171
184 282
185 177
186 168
186 172
187 178
188 303
188 328
189 170
189 180
191 181
192 183
193 184
194 200
195 190
196 177
196 316
197 198
202 194
204 205
221 216
232 340
233 348
234 118
236 233
237 235
241 240
242 244
243 246
247 247
248 250
249 255
250 253
252 257
253 258
257 263
258 264
259 268
260 154
261 270
262 271
264 278
265 275
266 279
268 280
269 284
270 400
270 417
271 283
272 285
273 286
275 294
277 291
278 296
279 295
280 318
281 406
281 423
282 304
284 305
284 306
285 309
286 310
287 327
288 317
291 307
294 416
296 302
297 301
329 336
330 337
331 338
332 341
333 344
335 346
336 362
337 354
339 361
340 365
341 367
345 364
346 366
351 372
353 364
354 374
356 374
358 378
359 381
360 383
361 387
363 467
364 475
366 392
367 396
367 411
369 398
371 392
371 401
371 407
372 412
374 411
375 414
378 418
381 403
406 432
406 438
410 434
410 442
410 449
415 512
416 432
416 438
416 443
418 441
420 517
426 519
428 441
430 526
431 440
434 445
435 446
436 530
437 529
438 448
451 549
453 437
461 551
462 464
463 464
464 555
466 466
467 558
468 566
470 579
471 468
473 473
475 474
476 582
477 477
478 590
479 592
479 601
480 599
481 478
482 482
484 608
485 484
486 485
487 617
488 486
489 633
490 642
491 489
492 483
493 480
495 646
497 651
499 650
500 497
501 405
502 495
503 665
565 504
571 518
573 534
575 524
576 535
589 559
592 560
597 583
598 586
599 587
600 593
601 594
604 603
606 607
609 607
611 610
612 615
622 623
624 625
641 645
644 648
