0 22
1 66
3 40
4 21
5 53
6 7
7 12
8 5
9 20
10 125
11 37
12 39
13 24
16 0
17 19
18 141
19 6
20 2
21 27
22 3
23 74
24 64
26 68
28 156
29 152
30 51
31 144
32 165
33 159
34 140
35 73
37 1
38 10
39 145
41 155
42 11
43 28
44 228
45 150
46 148
47 135
48 167
49 4
51 48
52 129
53 43
54 218
55 162
56 124
58 143
59 112
60 163
61 139
65 158
66 23
67 76
69 154
71 134
72 192
73 31
74 100
76 226
77 151
78 168
80 87
84 207
86 182
88 153
90 160
91 198
92 32
93 301
95 193
99 244
100 164
102 86
104 137
106 258
107 221
108 181
109 52
110 196
113 259
114 90
115 202
117 54
118 238
119 172
120 194
121 222
124 34
125 273
126 287
127 157
128 331
129 231
130 180
132 200
133 79
134 16
136 75
137 213
138 184
139 170
142 69
144 146
145 302
146 58
147 189
148 190
149 71
150 78
151 293
152 161
154 55
155 227
156 118
157 61
158 14
159 271
160 212
161 224
163 175
165 149
167 209
168 41
169 201
170 240
171 276
172 216
173 67
174 237
175 313
176 204
178 250
179 480
181 246
182 308
183 233
185 223
186 275
187 247
188 62
189 220
190 264
191 211
193 279
194 208
196 136
197 253
198 94
199 257
200 297
202 234
203 229
205 256
208 260
210 35
214 320
215 15
217 379
222 219
223 269
224 117
225 205
226 372
227 121
228 267
232 203
233 232
234 187
235 132
236 299
238 242
240 263
241 115
242 44
243 245
244 252
245 289
246 367
249 346
251 268
252 29
253 95
254 183
259 106
260 179
261 298
262 295
264 262
265 120
268 326
269 235
270 349
272 304
273 347
275 350
276 300
277 408
278 284
279 249
286 251
287 316
291 255
292 306
297 458
299 314
300 281
301 323
302 354
305 59
308 311
309 339
311 278
315 296
317 243
318 307
319 33
320 410
323 312
326 393
327 280
328 210
329 261
330 397
332 340
334 357
335 214
336 82
337 416
338 391
339 310
341 315
342 361
344 30
346 283
348 322
349 387
350 404
352 399
355 355
357 412
358 285
359 266
361 294
363 45
365 417
366 383
372 345
373 434
376 171
377 439
378 317
380 38
381 398
384 36
387 328
388 288
390 377
392 225
393 455
395 392
396 325
397 272
399 215
403 335
406 363
408 382
410 446
411 334
414 385
415 329
420 489
425 394
427 447
428 433
429 341
433 482
434 413
435 384
436 438
440 483
443 290
445 461
447 360
448 395
449 56
451 471
453 188
454 407
455 348
457 499
461 353
464 374
465 72
466 49
468 373
469 336
473 421
474 463
475 248
477 442
479 366
481 472
487 400
489 452
491 491
494 265
496 464
497 496
500 359
501 459
505 358
506 501
509 18
511 429
512 487
513 474
517 388
521 498
524 254
525 337
526 428
527 107
532 236
535 173
545 85
546 291
550 402
551 380
554 462
557 97
560 502
561 77
562 473
566 418
568 488
569 286
570 103
572 88
577 497
579 178
580 449
583 101
585 147
588 105
592 92
595 343
597 344
599 453
605 104
608 230
612 89
613 427
616 475
627 431
633 9
637 96
643 466
646 469
656 93
657 437
659 465
681 309
691 430
692 319
696 110
699 456
704 490
712 470
716 131
721 356
722 401
724 83
725 436
726 330
737 327
738 368
751 409
764 217
793 381
806 485
814 435
815 468
842 411
859 370
883 454
884 405
901 318
918 422
952 369
