(46) (148)
(8) (87)
(134) (16)
(159) (271)
(174) (237)
(181) (246)
(217) (282)
(240) (263)
(264) (262)
(278) (284)
(349) (387)
(364) (263)
(461) (353)
(517) (388)
(826) (284)
(43) (28)
(64) (28)
(121) (222)
(121) (29)
(148) (190)
(149) (71)
(160) (25)
(185) (223)
(211) (223)
(253) (95)
(545) (85)
(18) (141)
(31) (144)
(32) (165)
(36) (119,154)
(59) (134,112)
(61) (139)
(65) (158)
(69) (195)
(71,79,87) (134,112)
(86) (182)
(88) (153,177)
(91) (198)
(95) (193)
(100) (164)
(103) (198)
(108) (181)
(111) (198)
(115) (202)
(119) (172)
(123,143) (134,112)
(138,139) (184,170)
(155) (227)
(160) (201)
(170) (240)
(205) (256)
(223) (269)
(261) (298)
(311) (278)
(721) (356)
(10,33,41) (155,125,159)
(62) (185)
(84),96 (207)
(37) (1)
(153,172) (216,224)
(215) (15)
(305) (59)
(319) (33)
(605) (104)
(612) (89)
(724) (131,83)
(2,3,12,15) (40,39)
(53) (43)
(97) (94)
(183) (233)
(228) (267)
(267) (318)
(276,285) (300)
(301) (323)
(339) (310)
(341) (315)
(579) (178)
(821) (315)
(29) (152)
(51) (48,46)
(12) (34)
(127) (157)
(150) (78)
(154) (55)
(156) (116,118)
(168) (41)
(176) (204)
(191) (211)
(196) (136)
(218) (212)
(224) (117)
(238) (277)
(242) (44)
(251) (268)
(252) (222)
(259) (106)
(286) (251)
(317) (243)
(323) (312)
(535) (173)
(34) (140,179)
(47) (135)
(48) (129)
(58) (143)
(60) (137)
(70) (169,172)
(72) (192,299)
(78) (168,153)
(82) (133)
(117) (54)
(120) (194,163)
(129) (167,231)
(489,24) (452,64)
(1) (66)
(35) (73)
(101,157) (207)
(171) (276)
(236) (299)
(262) (295)
(276) (379)
(399) (215)
(793) (381)
(5) (53)
(17) (19)
(21) (27)
(27) (2)
(161) (224)
(201) (217)
(295) (401)
(327) (280)
(376) (171)
(384) (36)
(407) (280)
(416) (120)
(466) (49)
(491) (491)
(637) (96)
(656) (93)
(780) (436)
(39) (145)
(55) (162)
(75) (209)
(125) (273)
(137) (213)
(167) (209)
(190) (264)
(279) (249)
(296) (39)
(308) (311)
(366) (383)
(434,529) (413)
(580) (449)
(30) (51)
(45) (150)
(56) (124)
(73) (31)
(76) (239,191,226)
(99) (244,166)
(102) (86)
(112) (189)
(116) (221)
(136) (75)
(146) (58)
(147) (189)
(163) (175)
(165) (149)
(178) (250)
(184) (242)
(189) (220)
(192,194) (208)
(225) (205)
(235) (132)
(241) (115)
(243) (245)
(269) (235)
(396) (325)
(585) (147)
(608) (230)
(52) (129)
(77) (160,151)
(90) (160,197,221)
(94) (160)
(104) (137)
(130) (180)
(142) (69)
(260) (179)
(67) (61,76)
(231) (174)
(292) (306)
(320) (410)
(615,649) (475)
(109) (79,52)
(152) (161)
(207) (217)
(212) (217)
(383) (492,466)
(453) (188)
(513) (474)
(524) (254)
(549) (475)
(616) (475)
(768) (492)
(63) (189)
(110) (196)
(118) (238)
(131) (189)
(179) (480,214)
(203) (229)
(289) (196)
(315) (296)
(316) (309)
(330) (397)
(335) (480,214)
(346) (283)
(359) (266)
(521) (498)
(595) (343)
(679) (309)
(681) (309)
(208) (385)
(387) (328)
(435) (384)
(809) (392)
(245) (289)
(277) (408)
(294) (314)
(334) 357()
(338) (391)
(411) (334)
(414) (385)
(436) (438)
(407) (454)
(458) (438)
(501) (459)
(511) (429)
(586) (489)
(146) (144)
(199) (257)
(214) (320)
(342) (361)
(343) (335)
(352) (399)
(403) (335)
(404) (335)
(415) (329)
(429) (341)
(440) (483)
(442) (418)
(447) (360)
(457) (360)
(468) (373,362)
(487) (400)
(503) (499)
(553) (341)
(554) (501,444)
(659) (500)
(814) (435)
(11) (37)
(74) (100)
(92) (32)
(79) (433)
(100) (140)
(173,180) (67)
(187) (247)
(188) (62,183)
(197) (253)
(209) (183)
(227) (121)
(232) (203)
(248) (290)
(249) (346)
(254) (283)
(255) (14)
(291) (255)
(318) (307)
(344) (30)
(358) (285)
(378) (317)
(406) (363)
(425) (394,395)
(443) (290)
(464) (374)
(469) (336)
(532) (236)
(599) (453)
(601) (430)
(694) (247)
(737) (327)
(738) (430)
(302,426) (354)
(390,389,417) (377)
(391) (304)
(409,473) (421)
(569) (286)
(647) (332)
(354) (860)
(913,942,954,200) (297)
(93) (279,301)
(151) (293)
(175) (389,313)
(193) (279)
(272) (286)
(273) (247)
(336) (82)
(355) (333)
(372) (345)
(381) (398)
(386,438) (328)
(525) (355)
(559) (398)
(627) (431)
(652) (378)
(664) (82)
(731) (398)
(774) (337)
(827) (443)
(226) (372)
(268) (326)
(270) (349)
(274) (301)
(361) (294)
(377) (439)
(388) (288)
(420) (489)
(428) (390，433)
(455) (348)
(287) (316)
(299) (319)
(332) (340)
(350) (404)
(373) (434)
(445) (461)
(451) (471)
(474) (463)
(481) (472)
(497) (496)
(506) (501,444)
(512) (487)
(639) (496)
(434) (758)
(44) (228)
(54) (218)
(145) (302)
(244) (252)
(246) (367)
(275) (350)
(326) (393)
(497) (577)
(309) (339)
(410) (446)
(657,705,718) (437)
(815) (468)
(113) (259)
(126) (287)
(186) (275)
(297) (458)
(365) (417)
(546) (437,291)
(551) (344)
(597) (380)
(613) (427)
(284) (352)
(298) (451)
(496) (464)
(560) (502,484)
(508) (473)
(357) (412)
(433) (482)
(479) (366,359)
(505) (358,366)
(550) (402)
(568) (423,488)
(704,646) (479,490,486,494,469)
(419,427,467) (447448,425,406)
(806) (485)
(182) (308)
(337) (416)
(408) (376,382,415)
(472) (415,403,426,424)
(486,581) (457,460)
(526) (432,424,428)
(699,808) (450,456)
(712,785) (470)
(230) (338)
(504,520) (419)
(519) (464)
(660) (493)
(0) (22)
(4) (21)
(6) (7)
(8) (5)
(9) (20)
(13) (8)
(16) (0)
(21) (2)
(23) (74)
(25,49) (4)
(26) (68)
(28) (156)
(42) (11)
(60) (163,194)
(63) (189)
(66) (23)
(69) (154)
(95) (195)
(106) (258)
(107) (197)
(114) (108)
(121) (29)
(124) (34)
(128) (331)
(132) (200)
(133) (79)
(140) (100)
(144) (146)
(147) (189)
(158) (14)
(169) (201)
(202) (234)
(205) (269)
(208) (260)
(210) (35)
(213,234) (187)
(222) (219)
(233) (232)
(237) (20)
(254) (183)
(266) (255)
(273) (347)
(289) (397)
(300) (281)
(311) (256)
(321) (351)
(328) (210)
(329) (261)
(334) (357)
(340) (65)
(348) (322)
(363) (42)
(374) (45)
(380) (38)
(392) (225)
(393) (364,455)
(395) (392)
(397) (272)
(427) (448)
(428) (390,433)
(434) (244)
(448) (395)
(454) (407)
(468) (465)
(475) (248)
(476) (272)
(477) (442,481)
(494) (265)
(500) (359)
(525) (337)
(527) (107)
(536) (448)
(554) (462)
(561) (77)
(570) (103)
(577) (497)
(583) (101)
(592) (92)
(606) (272)
(646) (495)
(725) (436)
(738) (368)
(842) (411)
(859) (370)
(884) (405)
(918) (422)


